          83
   Wlgth  Nor_Ext_Co  Nor_Sca_Co  Sg_Sca_Alb  Asymm_Para  Extinct_Co  Scatter_Co
    0.3500     1.4977        1.3489        0.9007        0.6727     0.9666E-02  0.8706E-02
    0.4000     1.3479        1.2143        0.9009        0.6688     0.8700E-02  0.7838E-02
    0.4120     1.3149        1.1844        0.9007        0.6674     0.8487E-02  0.7644E-02
    0.4430     1.2334        1.1106        0.9004        0.6649     0.7961E-02  0.7168E-02
    0.4700     1.1681        1.0510        0.8997        0.6631     0.7540E-02  0.6784E-02
    0.4880     1.1266        1.0134        0.8995        0.6613     0.7272E-02  0.6541E-02
    0.5150     1.0687        0.9591        0.8974        0.6597     0.6898E-02  0.6190E-02
    0.5500     1.0000        0.8932        0.8932        0.6577     0.6454E-02  0.5765E-02
    0.5900     0.9291        0.8286        0.8918        0.6552     0.5997E-02  0.5348E-02
    0.6330     0.8615        0.7642        0.8871        0.6530     0.5560E-02  0.4933E-02
    0.6700     0.8094        0.7156        0.8842        0.6505     0.5224E-02  0.4619E-02
    0.6940     0.7777        0.6871        0.8835        0.6492     0.5019E-02  0.4435E-02
    0.7600     0.7007        0.6112        0.8723        0.6471     0.4522E-02  0.3945E-02
    0.8600     0.6012        0.5156        0.8576        0.6478     0.3881E-02  0.3328E-02
    1.2400     0.4008        0.3271        0.8160        0.6548     0.2587E-02  0.2111E-02
    1.5360     0.2934        0.2312        0.7880        0.7049     0.1894E-02  0.1492E-02
    1.6500     0.2751        0.2197        0.7986        0.7183     0.1776E-02  0.1418E-02
    1.9500     0.2710        0.1849        0.6822        0.7731     0.1749E-02  0.1193E-02
    2.2500     0.2172        0.1582        0.7284        0.8075     0.1402E-02  0.1021E-02
    3.7500     0.1441        0.1228        0.8518        0.8156     0.9304E-03  0.7925E-03


                    Phase Function 
   TETA    0.3500     0.4000     0.4120     0.4430     0.4700     0.4880     0.5150     0.5500     0.5900     0.6330     0.6700     0.6940     0.7600     0.8600     1.2400     1.5360     1.6500     1.9500     2.2500     3.7500
  180.00 0.4021E+00 0.3762E+00 0.3733E+00 0.3635E+00 0.3631E+00 0.3566E+00 0.3502E+00 0.3496E+00 0.3491E+00 0.3440E+00 0.3517E+00 0.3534E+00 0.3579E+00 0.3626E+00 0.3264E+00 0.2703E+00 0.2609E+00 0.1796E+00 0.1387E+00 0.1179E+00
  178.29 0.3951E+00 0.3704E+00 0.3676E+00 0.3580E+00 0.3570E+00 0.3507E+00 0.3447E+00 0.3436E+00 0.3427E+00 0.3381E+00 0.3447E+00 0.3462E+00 0.3500E+00 0.3538E+00 0.3164E+00 0.2586E+00 0.2477E+00 0.1697E+00 0.1308E+00 0.1136E+00
  176.07 0.3754E+00 0.3561E+00 0.3540E+00 0.3464E+00 0.3454E+00 0.3400E+00 0.3358E+00 0.3341E+00 0.3347E+00 0.3317E+00 0.3371E+00 0.3377E+00 0.3421E+00 0.3455E+00 0.3079E+00 0.2446E+00 0.2279E+00 0.1539E+00 0.1231E+00 0.1055E+00
  173.84 0.3432E+00 0.3300E+00 0.3287E+00 0.3235E+00 0.3230E+00 0.3194E+00 0.3172E+00 0.3159E+00 0.3183E+00 0.3179E+00 0.3227E+00 0.3235E+00 0.3289E+00 0.3332E+00 0.3047E+00 0.2425E+00 0.2246E+00 0.1599E+00 0.1314E+00 0.1082E+00
  171.61 0.3104E+00 0.3010E+00 0.3002E+00 0.2971E+00 0.2974E+00 0.2959E+00 0.2945E+00 0.2944E+00 0.2976E+00 0.2985E+00 0.3036E+00 0.3058E+00 0.3111E+00 0.3165E+00 0.3030E+00 0.2504E+00 0.2349E+00 0.1733E+00 0.1343E+00 0.1159E+00
  169.37 0.2826E+00 0.2765E+00 0.2766E+00 0.2745E+00 0.2755E+00 0.2741E+00 0.2739E+00 0.2741E+00 0.2788E+00 0.2807E+00 0.2857E+00 0.2871E+00 0.2940E+00 0.3009E+00 0.3046E+00 0.2654E+00 0.2487E+00 0.1757E+00 0.1306E+00 0.1192E+00
  167.14 0.2628E+00 0.2588E+00 0.2593E+00 0.2577E+00 0.2584E+00 0.2572E+00 0.2580E+00 0.2575E+00 0.2630E+00 0.2660E+00 0.2701E+00 0.2708E+00 0.2788E+00 0.2879E+00 0.3094E+00 0.2779E+00 0.2541E+00 0.1701E+00 0.1257E+00 0.1179E+00
  164.90 0.2511E+00 0.2472E+00 0.2466E+00 0.2460E+00 0.2456E+00 0.2461E+00 0.2466E+00 0.2462E+00 0.2500E+00 0.2535E+00 0.2567E+00 0.2596E+00 0.2658E+00 0.2776E+00 0.3122E+00 0.2808E+00 0.2510E+00 0.1628E+00 0.1216E+00 0.1146E+00
  162.67 0.2438E+00 0.2385E+00 0.2377E+00 0.2369E+00 0.2371E+00 0.2377E+00 0.2374E+00 0.2379E+00 0.2406E+00 0.2429E+00 0.2469E+00 0.2506E+00 0.2557E+00 0.2684E+00 0.3081E+00 0.2760E+00 0.2439E+00 0.1562E+00 0.1183E+00 0.1109E+00
  160.43 0.2367E+00 0.2311E+00 0.2310E+00 0.2292E+00 0.2298E+00 0.2290E+00 0.2286E+00 0.2296E+00 0.2320E+00 0.2337E+00 0.2375E+00 0.2397E+00 0.2455E+00 0.2572E+00 0.2983E+00 0.2670E+00 0.2361E+00 0.1512E+00 0.1158E+00 0.1076E+00
  158.20 0.2293E+00 0.2247E+00 0.2243E+00 0.2225E+00 0.2223E+00 0.2213E+00 0.2212E+00 0.2204E+00 0.2233E+00 0.2249E+00 0.2275E+00 0.2288E+00 0.2340E+00 0.2436E+00 0.2838E+00 0.2568E+00 0.2292E+00 0.1472E+00 0.1137E+00 0.1048E+00
  155.96 0.2221E+00 0.2178E+00 0.2171E+00 0.2156E+00 0.2144E+00 0.2143E+00 0.2140E+00 0.2124E+00 0.2144E+00 0.2162E+00 0.2176E+00 0.2194E+00 0.2228E+00 0.2304E+00 0.2660E+00 0.2467E+00 0.2224E+00 0.1443E+00 0.1119E+00 0.1025E+00
  153.72 0.2146E+00 0.2101E+00 0.2095E+00 0.2080E+00 0.2075E+00 0.2072E+00 0.2064E+00 0.2056E+00 0.2070E+00 0.2077E+00 0.2097E+00 0.2111E+00 0.2137E+00 0.2198E+00 0.2489E+00 0.2355E+00 0.2157E+00 0.1424E+00 0.1103E+00 0.1007E+00
  151.49 0.2064E+00 0.2026E+00 0.2022E+00 0.2009E+00 0.2008E+00 0.2002E+00 0.1996E+00 0.1993E+00 0.2003E+00 0.2006E+00 0.2024E+00 0.2035E+00 0.2057E+00 0.2104E+00 0.2345E+00 0.2238E+00 0.2087E+00 0.1409E+00 0.1091E+00 0.9932E-01
  149.25 0.1984E+00 0.1957E+00 0.1952E+00 0.1944E+00 0.1941E+00 0.1939E+00 0.1935E+00 0.1930E+00 0.1940E+00 0.1946E+00 0.1960E+00 0.1971E+00 0.1986E+00 0.2021E+00 0.2221E+00 0.2121E+00 0.2009E+00 0.1401E+00 0.1081E+00 0.9818E-01
  147.02 0.1905E+00 0.1888E+00 0.1885E+00 0.1881E+00 0.1878E+00 0.1880E+00 0.1878E+00 0.1871E+00 0.1883E+00 0.1892E+00 0.1902E+00 0.1915E+00 0.1925E+00 0.1951E+00 0.2114E+00 0.2000E+00 0.1933E+00 0.1396E+00 0.1072E+00 0.9720E-01
  144.78 0.1833E+00 0.1823E+00 0.1822E+00 0.1821E+00 0.1822E+00 0.1824E+00 0.1824E+00 0.1821E+00 0.1833E+00 0.1842E+00 0.1853E+00 0.1866E+00 0.1875E+00 0.1895E+00 0.2025E+00 0.1890E+00 0.1851E+00 0.1391E+00 0.1065E+00 0.9633E-01
  142.55 0.1766E+00 0.1765E+00 0.1765E+00 0.1767E+00 0.1770E+00 0.1773E+00 0.1776E+00 0.1776E+00 0.1789E+00 0.1800E+00 0.1811E+00 0.1821E+00 0.1833E+00 0.1851E+00 0.1948E+00 0.1800E+00 0.1767E+00 0.1385E+00 0.1061E+00 0.9545E-01
  140.31 0.1708E+00 0.1712E+00 0.1713E+00 0.1719E+00 0.1725E+00 0.1729E+00 0.1732E+00 0.1737E+00 0.1751E+00 0.1761E+00 0.1776E+00 0.1785E+00 0.1799E+00 0.1814E+00 0.1885E+00 0.1718E+00 0.1690E+00 0.1376E+00 0.1058E+00 0.9450E-01
  138.07 0.1658E+00 0.1666E+00 0.1669E+00 0.1677E+00 0.1685E+00 0.1689E+00 0.1695E+00 0.1703E+00 0.1719E+00 0.1729E+00 0.1746E+00 0.1754E+00 0.1768E+00 0.1783E+00 0.1838E+00 0.1650E+00 0.1620E+00 0.1361E+00 0.1058E+00 0.9335E-01
  135.84 0.1616E+00 0.1629E+00 0.1631E+00 0.1643E+00 0.1651E+00 0.1659E+00 0.1666E+00 0.1674E+00 0.1690E+00 0.1704E+00 0.1718E+00 0.1731E+00 0.1742E+00 0.1755E+00 0.1800E+00 0.1592E+00 0.1563E+00 0.1339E+00 0.1058E+00 0.9204E-01
  133.60 0.1581E+00 0.1598E+00 0.1601E+00 0.1615E+00 0.1623E+00 0.1634E+00 0.1642E+00 0.1650E+00 0.1668E+00 0.1683E+00 0.1698E+00 0.1712E+00 0.1723E+00 0.1735E+00 0.1771E+00 0.1544E+00 0.1515E+00 0.1316E+00 0.1058E+00 0.9060E-01
  131.37 0.1555E+00 0.1574E+00 0.1578E+00 0.1593E+00 0.1602E+00 0.1615E+00 0.1624E+00 0.1634E+00 0.1651E+00 0.1669E+00 0.1682E+00 0.1699E+00 0.1709E+00 0.1721E+00 0.1748E+00 0.1509E+00 0.1473E+00 0.1290E+00 0.1056E+00 0.8919E-01
  129.13 0.1535E+00 0.1557E+00 0.1562E+00 0.1577E+00 0.1589E+00 0.1601E+00 0.1611E+00 0.1624E+00 0.1642E+00 0.1660E+00 0.1676E+00 0.1691E+00 0.1704E+00 0.1716E+00 0.1734E+00 0.1484E+00 0.1439E+00 0.1264E+00 0.1054E+00 0.8786E-01
  126.89 0.1521E+00 0.1546E+00 0.1553E+00 0.1569E+00 0.1584E+00 0.1593E+00 0.1605E+00 0.1619E+00 0.1641E+00 0.1658E+00 0.1677E+00 0.1687E+00 0.1705E+00 0.1717E+00 0.1725E+00 0.1464E+00 0.1415E+00 0.1239E+00 0.1050E+00 0.8659E-01
  124.66 0.1516E+00 0.1543E+00 0.1551E+00 0.1567E+00 0.1585E+00 0.1592E+00 0.1604E+00 0.1622E+00 0.1645E+00 0.1661E+00 0.1682E+00 0.1691E+00 0.1712E+00 0.1723E+00 0.1726E+00 0.1450E+00 0.1401E+00 0.1216E+00 0.1045E+00 0.8546E-01
  122.42 0.1517E+00 0.1549E+00 0.1556E+00 0.1574E+00 0.1590E+00 0.1600E+00 0.1614E+00 0.1630E+00 0.1652E+00 0.1673E+00 0.1691E+00 0.1701E+00 0.1722E+00 0.1733E+00 0.1733E+00 0.1445E+00 0.1392E+00 0.1196E+00 0.1039E+00 0.8450E-01
  120.19 0.1527E+00 0.1561E+00 0.1567E+00 0.1587E+00 0.1602E+00 0.1614E+00 0.1630E+00 0.1644E+00 0.1668E+00 0.1690E+00 0.1707E+00 0.1720E+00 0.1738E+00 0.1748E+00 0.1748E+00 0.1447E+00 0.1387E+00 0.1183E+00 0.1033E+00 0.8388E-01
  117.95 0.1545E+00 0.1580E+00 0.1587E+00 0.1608E+00 0.1623E+00 0.1636E+00 0.1651E+00 0.1667E+00 0.1690E+00 0.1714E+00 0.1730E+00 0.1746E+00 0.1763E+00 0.1773E+00 0.1769E+00 0.1456E+00 0.1390E+00 0.1176E+00 0.1029E+00 0.8358E-01
  115.71 0.1569E+00 0.1605E+00 0.1613E+00 0.1634E+00 0.1651E+00 0.1663E+00 0.1680E+00 0.1697E+00 0.1722E+00 0.1744E+00 0.1764E+00 0.1777E+00 0.1797E+00 0.1808E+00 0.1796E+00 0.1470E+00 0.1399E+00 0.1172E+00 0.1027E+00 0.8355E-01
  113.48 0.1601E+00 0.1638E+00 0.1647E+00 0.1668E+00 0.1688E+00 0.1698E+00 0.1715E+00 0.1736E+00 0.1761E+00 0.1784E+00 0.1805E+00 0.1816E+00 0.1839E+00 0.1849E+00 0.1831E+00 0.1489E+00 0.1418E+00 0.1172E+00 0.1028E+00 0.8385E-01
  111.24 0.1641E+00 0.1680E+00 0.1690E+00 0.1712E+00 0.1733E+00 0.1742E+00 0.1761E+00 0.1782E+00 0.1809E+00 0.1833E+00 0.1854E+00 0.1864E+00 0.1890E+00 0.1899E+00 0.1875E+00 0.1514E+00 0.1444E+00 0.1180E+00 0.1032E+00 0.8454E-01
  109.01 0.1691E+00 0.1730E+00 0.1740E+00 0.1763E+00 0.1785E+00 0.1796E+00 0.1815E+00 0.1838E+00 0.1865E+00 0.1889E+00 0.1911E+00 0.1923E+00 0.1948E+00 0.1958E+00 0.1928E+00 0.1551E+00 0.1474E+00 0.1194E+00 0.1042E+00 0.8571E-01
  106.77 0.1750E+00 0.1791E+00 0.1800E+00 0.1825E+00 0.1847E+00 0.1860E+00 0.1879E+00 0.1902E+00 0.1929E+00 0.1954E+00 0.1978E+00 0.1992E+00 0.2015E+00 0.2025E+00 0.1990E+00 0.1597E+00 0.1509E+00 0.1215E+00 0.1056E+00 0.8731E-01
  104.53 0.1817E+00 0.1861E+00 0.1871E+00 0.1897E+00 0.1920E+00 0.1933E+00 0.1953E+00 0.1978E+00 0.2007E+00 0.2032E+00 0.2057E+00 0.2070E+00 0.2096E+00 0.2106E+00 0.2060E+00 0.1648E+00 0.1556E+00 0.1241E+00 0.1075E+00 0.8933E-01
  102.30 0.1896E+00 0.1940E+00 0.1953E+00 0.1978E+00 0.2005E+00 0.2017E+00 0.2037E+00 0.2065E+00 0.2096E+00 0.2121E+00 0.2148E+00 0.2160E+00 0.2189E+00 0.2198E+00 0.2146E+00 0.1708E+00 0.1612E+00 0.1273E+00 0.1100E+00 0.9184E-01
  100.06 0.1986E+00 0.2033E+00 0.2045E+00 0.2073E+00 0.2100E+00 0.2113E+00 0.2135E+00 0.2164E+00 0.2195E+00 0.2223E+00 0.2250E+00 0.2264E+00 0.2291E+00 0.2301E+00 0.2243E+00 0.1781E+00 0.1674E+00 0.1316E+00 0.1131E+00 0.9500E-01
   97.83 0.2090E+00 0.2139E+00 0.2150E+00 0.2181E+00 0.2208E+00 0.2225E+00 0.2247E+00 0.2276E+00 0.2308E+00 0.2338E+00 0.2366E+00 0.2383E+00 0.2409E+00 0.2417E+00 0.2352E+00 0.1864E+00 0.1747E+00 0.1367E+00 0.1169E+00 0.9877E-01
   95.59 0.2206E+00 0.2258E+00 0.2270E+00 0.2303E+00 0.2331E+00 0.2349E+00 0.2373E+00 0.2405E+00 0.2437E+00 0.2469E+00 0.2497E+00 0.2516E+00 0.2542E+00 0.2551E+00 0.2475E+00 0.1959E+00 0.1833E+00 0.1424E+00 0.1214E+00 0.1032E+00
   93.35 0.2336E+00 0.2393E+00 0.2407E+00 0.2441E+00 0.2471E+00 0.2489E+00 0.2516E+00 0.2548E+00 0.2584E+00 0.2618E+00 0.2648E+00 0.2665E+00 0.2695E+00 0.2704E+00 0.2621E+00 0.2068E+00 0.1930E+00 0.1492E+00 0.1266E+00 0.1083E+00
   91.12 0.2484E+00 0.2546E+00 0.2561E+00 0.2598E+00 0.2628E+00 0.2648E+00 0.2676E+00 0.2709E+00 0.2749E+00 0.2785E+00 0.2816E+00 0.2833E+00 0.2865E+00 0.2872E+00 0.2786E+00 0.2191E+00 0.2039E+00 0.1572E+00 0.1328E+00 0.1143E+00
   90.00 0.2563E+00 0.2629E+00 0.2645E+00 0.2683E+00 0.2715E+00 0.2733E+00 0.2765E+00 0.2797E+00 0.2839E+00 0.2878E+00 0.2907E+00 0.2923E+00 0.2958E+00 0.2965E+00 0.2872E+00 0.2259E+00 0.2101E+00 0.1617E+00 0.1363E+00 0.1177E+00
   88.88 0.2649E+00 0.2719E+00 0.2734E+00 0.2774E+00 0.2804E+00 0.2826E+00 0.2857E+00 0.2889E+00 0.2933E+00 0.2975E+00 0.3003E+00 0.3021E+00 0.3055E+00 0.3062E+00 0.2962E+00 0.2329E+00 0.2167E+00 0.1665E+00 0.1400E+00 0.1213E+00
   86.65 0.2836E+00 0.2909E+00 0.2926E+00 0.2968E+00 0.3004E+00 0.3025E+00 0.3058E+00 0.3094E+00 0.3141E+00 0.3183E+00 0.3215E+00 0.3234E+00 0.3270E+00 0.3277E+00 0.3158E+00 0.2486E+00 0.2313E+00 0.1767E+00 0.1482E+00 0.1292E+00
   84.41 0.3047E+00 0.3122E+00 0.3141E+00 0.3186E+00 0.3227E+00 0.3248E+00 0.3282E+00 0.3327E+00 0.3373E+00 0.3415E+00 0.3453E+00 0.3471E+00 0.3511E+00 0.3519E+00 0.3381E+00 0.2662E+00 0.2477E+00 0.1886E+00 0.1575E+00 0.1384E+00
   82.17 0.3282E+00 0.3362E+00 0.3384E+00 0.3431E+00 0.3477E+00 0.3499E+00 0.3535E+00 0.3584E+00 0.3634E+00 0.3678E+00 0.3718E+00 0.3736E+00 0.3779E+00 0.3786E+00 0.3635E+00 0.2859E+00 0.2662E+00 0.2023E+00 0.1682E+00 0.1489E+00
   79.94 0.3544E+00 0.3636E+00 0.3658E+00 0.3711E+00 0.3755E+00 0.3781E+00 0.3822E+00 0.3868E+00 0.3923E+00 0.3974E+00 0.4012E+00 0.4032E+00 0.4075E+00 0.4080E+00 0.3915E+00 0.3082E+00 0.2872E+00 0.2177E+00 0.1804E+00 0.1610E+00
   77.70 0.3839E+00 0.3939E+00 0.3965E+00 0.4020E+00 0.4068E+00 0.4097E+00 0.4140E+00 0.4188E+00 0.4249E+00 0.4301E+00 0.4343E+00 0.4364E+00 0.4409E+00 0.4412E+00 0.4225E+00 0.3334E+00 0.3107E+00 0.2350E+00 0.1941E+00 0.1748E+00
   75.47 0.4168E+00 0.4279E+00 0.4308E+00 0.4365E+00 0.4422E+00 0.4446E+00 0.4494E+00 0.4549E+00 0.4616E+00 0.4668E+00 0.4715E+00 0.4730E+00 0.4784E+00 0.4786E+00 0.4571E+00 0.3617E+00 0.3370E+00 0.2548E+00 0.2097E+00 0.1906E+00
   73.23 0.4542E+00 0.4660E+00 0.4691E+00 0.4754E+00 0.4814E+00 0.4842E+00 0.4892E+00 0.4951E+00 0.5021E+00 0.5078E+00 0.5126E+00 0.5142E+00 0.5197E+00 0.5196E+00 0.4953E+00 0.3933E+00 0.3670E+00 0.2772E+00 0.2275E+00 0.2088E+00
   70.99 0.4962E+00 0.5086E+00 0.5118E+00 0.5188E+00 0.5253E+00 0.5286E+00 0.5337E+00 0.5404E+00 0.5473E+00 0.5530E+00 0.5584E+00 0.5606E+00 0.5657E+00 0.5653E+00 0.5373E+00 0.4289E+00 0.4007E+00 0.3025E+00 0.2476E+00 0.2296E+00
   68.76 0.5432E+00 0.5568E+00 0.5601E+00 0.5677E+00 0.5747E+00 0.5782E+00 0.5837E+00 0.5907E+00 0.5981E+00 0.6041E+00 0.6096E+00 0.6120E+00 0.6170E+00 0.6162E+00 0.5849E+00 0.4692E+00 0.4383E+00 0.3310E+00 0.2703E+00 0.2535E+00
   66.52 0.5959E+00 0.6108E+00 0.6143E+00 0.6226E+00 0.6301E+00 0.6338E+00 0.6397E+00 0.6472E+00 0.6548E+00 0.6610E+00 0.6667E+00 0.6691E+00 0.6742E+00 0.6729E+00 0.6380E+00 0.5139E+00 0.4807E+00 0.3639E+00 0.2964E+00 0.2813E+00
   64.29 0.6552E+00 0.6714E+00 0.6754E+00 0.6841E+00 0.6923E+00 0.6960E+00 0.7023E+00 0.7104E+00 0.7184E+00 0.7247E+00 0.7307E+00 0.7329E+00 0.7382E+00 0.7361E+00 0.6970E+00 0.5638E+00 0.5288E+00 0.4010E+00 0.3260E+00 0.3134E+00
   62.05 0.7222E+00 0.7399E+00 0.7440E+00 0.7535E+00 0.7619E+00 0.7663E+00 0.7729E+00 0.7809E+00 0.7892E+00 0.7960E+00 0.8017E+00 0.8042E+00 0.8088E+00 0.8058E+00 0.7616E+00 0.6204E+00 0.5825E+00 0.4429E+00 0.3598E+00 0.3504E+00
   59.81 0.7977E+00 0.8165E+00 0.8210E+00 0.8312E+00 0.8401E+00 0.8448E+00 0.8517E+00 0.8605E+00 0.8684E+00 0.8753E+00 0.8810E+00 0.8840E+00 0.8876E+00 0.8834E+00 0.8334E+00 0.6840E+00 0.6427E+00 0.4911E+00 0.3985E+00 0.3938E+00
   57.58 0.8825E+00 0.9033E+00 0.9081E+00 0.9190E+00 0.9282E+00 0.9330E+00 0.9400E+00 0.9485E+00 0.9579E+00 0.9647E+00 0.9700E+00 0.9722E+00 0.9756E+00 0.9702E+00 0.9135E+00 0.7551E+00 0.7111E+00 0.5462E+00 0.4432E+00 0.4443E+00
   55.34 0.9786E+00 0.1001E+01 0.1005E+01 0.1018E+01 0.1027E+01 0.1032E+01 0.1040E+01 0.1048E+01 0.1057E+01 0.1064E+01 0.1069E+01 0.1071E+01 0.1074E+01 0.1066E+01 0.1002E+01 0.8346E+00 0.7886E+00 0.6094E+00 0.4945E+00 0.5037E+00
   53.11 0.1087E+01 0.1112E+01 0.1117E+01 0.1128E+01 0.1138E+01 0.1144E+01 0.1151E+01 0.1159E+01 0.1168E+01 0.1175E+01 0.1179E+01 0.1182E+01 0.1183E+01 0.1173E+01 0.1100E+01 0.9244E+00 0.8760E+00 0.6823E+00 0.5544E+00 0.5737E+00
   50.87 0.1210E+01 0.1236E+01 0.1241E+01 0.1254E+01 0.1262E+01 0.1270E+01 0.1278E+01 0.1284E+01 0.1292E+01 0.1299E+01 0.1302E+01 0.1305E+01 0.1303E+01 0.1291E+01 0.1209E+01 0.1026E+01 0.9737E+00 0.7661E+00 0.6242E+00 0.6562E+00
   48.63 0.1349E+01 0.1376E+01 0.1381E+01 0.1395E+01 0.1403E+01 0.1410E+01 0.1418E+01 0.1424E+01 0.1431E+01 0.1438E+01 0.1439E+01 0.1442E+01 0.1438E+01 0.1422E+01 0.1331E+01 0.1140E+01 0.1085E+01 0.8635E+00 0.7059E+00 0.7546E+00
   46.40 0.1506E+01 0.1534E+01 0.1539E+01 0.1553E+01 0.1561E+01 0.1569E+01 0.1576E+01 0.1583E+01 0.1588E+01 0.1593E+01 0.1593E+01 0.1595E+01 0.1588E+01 0.1568E+01 0.1463E+01 0.1267E+01 0.1213E+01 0.9774E+00 0.8027E+00 0.8719E+00
   44.16 0.1683E+01 0.1712E+01 0.1718E+01 0.1731E+01 0.1741E+01 0.1746E+01 0.1752E+01 0.1759E+01 0.1763E+01 0.1765E+01 0.1765E+01 0.1764E+01 0.1756E+01 0.1732E+01 0.1609E+01 0.1411E+01 0.1357E+01 0.1110E+01 0.9175E+00 0.1013E+01
   41.93 0.1884E+01 0.1914E+01 0.1919E+01 0.1932E+01 0.1940E+01 0.1946E+01 0.1951E+01 0.1956E+01 0.1957E+01 0.1957E+01 0.1955E+01 0.1954E+01 0.1940E+01 0.1910E+01 0.1773E+01 0.1576E+01 0.1521E+01 0.1265E+01 0.1055E+01 0.1183E+01
   39.69 0.2112E+01 0.2143E+01 0.2147E+01 0.2159E+01 0.2165E+01 0.2170E+01 0.2174E+01 0.2176E+01 0.2175E+01 0.2173E+01 0.2166E+01 0.2163E+01 0.2144E+01 0.2109E+01 0.1955E+01 0.1762E+01 0.1708E+01 0.1450E+01 0.1221E+01 0.1388E+01
   37.45 0.2372E+01 0.2399E+01 0.2403E+01 0.2414E+01 0.2418E+01 0.2423E+01 0.2424E+01 0.2423E+01 0.2418E+01 0.2411E+01 0.2402E+01 0.2397E+01 0.2372E+01 0.2328E+01 0.2156E+01 0.1971E+01 0.1923E+01 0.1669E+01 0.1424E+01 0.1640E+01
   35.22 0.2664E+01 0.2689E+01 0.2693E+01 0.2701E+01 0.2703E+01 0.2705E+01 0.2704E+01 0.2698E+01 0.2690E+01 0.2678E+01 0.2664E+01 0.2655E+01 0.2624E+01 0.2570E+01 0.2377E+01 0.2209E+01 0.2170E+01 0.1931E+01 0.1672E+01 0.1948E+01
   32.98 0.2997E+01 0.3018E+01 0.3019E+01 0.3023E+01 0.3021E+01 0.3022E+01 0.3017E+01 0.3007E+01 0.2991E+01 0.2973E+01 0.2953E+01 0.2942E+01 0.2901E+01 0.2837E+01 0.2622E+01 0.2481E+01 0.2456E+01 0.2246E+01 0.1980E+01 0.2327E+01
   30.75 0.3375E+01 0.3387E+01 0.3386E+01 0.3385E+01 0.3379E+01 0.3376E+01 0.3365E+01 0.3350E+01 0.3326E+01 0.3299E+01 0.3274E+01 0.3260E+01 0.3208E+01 0.3134E+01 0.2897E+01 0.2795E+01 0.2787E+01 0.2627E+01 0.2365E+01 0.2797E+01
   28.51 0.3801E+01 0.3804E+01 0.3802E+01 0.3793E+01 0.3781E+01 0.3771E+01 0.3755E+01 0.3731E+01 0.3700E+01 0.3663E+01 0.3631E+01 0.3609E+01 0.3549E+01 0.3460E+01 0.3206E+01 0.3157E+01 0.3173E+01 0.3094E+01 0.2853E+01 0.3382E+01
   26.28 0.4288E+01 0.4275E+01 0.4268E+01 0.4250E+01 0.4227E+01 0.4215E+01 0.4191E+01 0.4156E+01 0.4112E+01 0.4065E+01 0.4021E+01 0.3996E+01 0.3920E+01 0.3819E+01 0.3553E+01 0.3576E+01 0.3631E+01 0.3667E+01 0.3475E+01 0.4115E+01
   24.04 0.4838E+01 0.4804E+01 0.4794E+01 0.4762E+01 0.4730E+01 0.4709E+01 0.4674E+01 0.4627E+01 0.4571E+01 0.4510E+01 0.4457E+01 0.4423E+01 0.4335E+01 0.4219E+01 0.3949E+01 0.4075E+01 0.4176E+01 0.4379E+01 0.4277E+01 0.5037E+01
   21.80 0.5466E+01 0.5402E+01 0.5384E+01 0.5336E+01 0.5290E+01 0.5260E+01 0.5213E+01 0.5152E+01 0.5079E+01 0.5003E+01 0.4938E+01 0.4897E+01 0.4794E+01 0.4667E+01 0.4411E+01 0.4678E+01 0.4840E+01 0.5274E+01 0.5322E+01 0.6202E+01
   19.57 0.6181E+01 0.6078E+01 0.6050E+01 0.5981E+01 0.5916E+01 0.5878E+01 0.5815E+01 0.5735E+01 0.5643E+01 0.5552E+01 0.5472E+01 0.5426E+01 0.5307E+01 0.5172E+01 0.4964E+01 0.5425E+01 0.5663E+01 0.6413E+01 0.6697E+01 0.7689E+01
   17.33 0.6998E+01 0.6841E+01 0.6803E+01 0.6706E+01 0.6621E+01 0.6568E+01 0.6489E+01 0.6390E+01 0.6278E+01 0.6169E+01 0.6078E+01 0.6025E+01 0.5897E+01 0.5764E+01 0.5663E+01 0.6388E+01 0.6719E+01 0.7893E+01 0.8534E+01 0.9593E+01
   15.10 0.7935E+01 0.7713E+01 0.7660E+01 0.7530E+01 0.7420E+01 0.7352E+01 0.7253E+01 0.7133E+01 0.7002E+01 0.6879E+01 0.6779E+01 0.6720E+01 0.6594E+01 0.6483E+01 0.6581E+01 0.7679E+01 0.8143E+01 0.9869E+01 0.1103E+02 0.1205E+02
   12.86 0.9030E+01 0.8722E+01 0.8651E+01 0.8484E+01 0.8343E+01 0.8264E+01 0.8148E+01 0.8007E+01 0.7861E+01 0.7735E+01 0.7631E+01 0.7579E+01 0.7469E+01 0.7420E+01 0.7876E+01 0.9532E+01 0.1016E+02 0.1259E+02 0.1448E+02 0.1529E+02
   10.63 0.1033E+02 0.9925E+01 0.9845E+01 0.9636E+01 0.9475E+01 0.9382E+01 0.9254E+01 0.9114E+01 0.8969E+01 0.8858E+01 0.8778E+01 0.8744E+01 0.8702E+01 0.8797E+01 0.9900E+01 0.1241E+02 0.1323E+02 0.1655E+02 0.1941E+02 0.1963E+02
    8.39 0.1200E+02 0.1151E+02 0.1141E+02 0.1119E+02 0.1102E+02 0.1093E+02 0.1082E+02 0.1072E+02 0.1063E+02 0.1060E+02 0.1059E+02 0.1060E+02 0.1074E+02 0.1115E+02 0.1344E+02 0.1727E+02 0.1834E+02 0.2276E+02 0.2682E+02 0.2559E+02
    6.16 0.1455E+02 0.1405E+02 0.1397E+02 0.1382E+02 0.1374E+02 0.1369E+02 0.1369E+02 0.1375E+02 0.1385E+02 0.1403E+02 0.1424E+02 0.1437E+02 0.1494E+02 0.1605E+02 0.2055E+02 0.2658E+02 0.2784E+02 0.3347E+02 0.3884E+02 0.3433E+02
    3.93 0.2053E+02 0.2053E+02 0.2061E+02 0.2080E+02 0.2111E+02 0.2128E+02 0.2165E+02 0.2224E+02 0.2294E+02 0.2374E+02 0.2451E+02 0.2496E+02 0.2660E+02 0.2930E+02 0.3781E+02 0.4731E+02 0.4837E+02 0.5455E+02 0.6061E+02 0.4725E+02
    1.71 0.5617E+02 0.5854E+02 0.5917E+02 0.6069E+02 0.6211E+02 0.6296E+02 0.6448E+02 0.6651E+02 0.6863E+02 0.7089E+02 0.7272E+02 0.7365E+02 0.7729E+02 0.8269E+02 0.9326E+02 0.1042E+03 0.1017E+03 0.1012E+03 0.1014E+03 0.6055E+02
    0.00 0.4400E+03 0.3775E+03 0.3656E+03 0.3389E+03 0.3194E+03 0.3080E+03 0.2934E+03 0.2775E+03 0.2615E+03 0.2476E+03 0.2370E+03 0.2306E+03 0.2178E+03 0.2037E+03 0.1607E+03 0.1526E+03 0.1422E+03 0.1286E+03 0.1212E+03 0.6474E+02
  180.00 0.2953E-21 0.3293E-21 -.1060E-21 -.2868E-21 -.3029E-22 -.2236E-21 -.2666E-21 0.5448E-21 0.8848E-22 0.5550E-21 -.9905E-22 0.9900E-22 -.4562E-21 -.2769E-21 -.7132E-22 -.2633E-21 0.9436E-23 0.9974E-22 -.2730E-21 -.9894E-22
  178.29 0.4776E-02 0.3210E-02 0.3991E-02 0.3102E-02 0.4651E-02 0.3805E-02 0.3122E-02 0.4784E-02 0.4995E-02 0.3779E-02 0.5325E-02 0.5045E-02 0.5622E-02 0.5401E-02 0.2112E-03 -.2226E-02 -.4443E-02 -.2339E-02 -.6354E-04 -.3276E-03
  176.07 0.1556E-01 0.1195E-01 0.1247E-01 0.1100E-01 0.1388E-01 0.1096E-01 0.9876E-02 0.1353E-01 0.1303E-01 0.9931E-02 0.1372E-01 0.1195E-01 0.1472E-01 0.1583E-01 0.8938E-02 0.2819E-02 -.4548E-02 -.1356E-02 0.3001E-02 0.8164E-03
  173.84 0.2880E-01 0.2330E-01 0.2307E-01 0.2067E-01 0.2137E-01 0.1900E-01 0.1731E-01 0.1816E-01 0.1706E-01 0.1447E-01 0.1613E-01 0.1504E-01 0.1608E-01 0.1731E-01 0.1823E-01 0.8782E-02 0.2267E-02 0.7045E-02 0.5861E-02 0.4769E-02
  171.61 0.4329E-01 0.3666E-01 0.3523E-01 0.3222E-01 0.2916E-01 0.2865E-01 0.2642E-01 0.2296E-01 0.2083E-01 0.1963E-01 0.1753E-01 0.1810E-01 0.1544E-01 0.1519E-01 0.2456E-01 0.1083E-01 0.7023E-02 0.1100E-01 0.3072E-02 0.6230E-02
  169.37 0.5744E-01 0.4934E-01 0.4711E-01 0.4336E-01 0.3900E-01 0.3852E-01 0.3543E-01 0.3043E-01 0.2727E-01 0.2528E-01 0.2217E-01 0.2284E-01 0.1835E-01 0.1656E-01 0.2449E-01 0.9860E-02 0.5249E-02 0.6464E-02 -.8175E-03 0.3382E-02
  167.14 0.7007E-01 0.6056E-01 0.5877E-01 0.5373E-01 0.5017E-01 0.4765E-01 0.4404E-01 0.4002E-01 0.3645E-01 0.3261E-01 0.3035E-01 0.2922E-01 0.2546E-01 0.2251E-01 0.2117E-01 0.5552E-02 -.2251E-02 -.2858E-03 -.4199E-02 -.1455E-02
  164.90 0.8019E-01 0.7112E-01 0.6950E-01 0.6395E-01 0.6086E-01 0.5700E-01 0.5353E-01 0.4890E-01 0.4644E-01 0.4161E-01 0.3988E-01 0.3659E-01 0.3432E-01 0.2992E-01 0.2001E-01 -.3020E-02 -.1092E-01 -.6152E-02 -.6555E-02 -.6502E-02
  162.67 0.8795E-01 0.7957E-01 0.7740E-01 0.7249E-01 0.6759E-01 0.6534E-01 0.6211E-01 0.5617E-01 0.5299E-01 0.4964E-01 0.4616E-01 0.4442E-01 0.4013E-01 0.3472E-01 0.1943E-01 -.1163E-01 -.1935E-01 -.1193E-01 -.8585E-02 -.1125E-01
  160.43 0.9174E-01 0.8328E-01 0.8053E-01 0.7630E-01 0.7113E-01 0.7028E-01 0.6656E-01 0.6035E-01 0.5658E-01 0.5323E-01 0.4959E-01 0.4946E-01 0.4319E-01 0.3724E-01 0.1739E-01 -.1718E-01 -.2640E-01 -.1695E-01 -.1070E-01 -.1556E-01
  158.20 0.9066E-01 0.8277E-01 0.8068E-01 0.7635E-01 0.7178E-01 0.7017E-01 0.6682E-01 0.6139E-01 0.5773E-01 0.5434E-01 0.5069E-01 0.4969E-01 0.4404E-01 0.3775E-01 0.1643E-01 -.2039E-01 -.3063E-01 -.2214E-01 -.1298E-01 -.1956E-01
  155.96 0.8662E-01 0.7922E-01 0.7783E-01 0.7338E-01 0.7003E-01 0.6756E-01 0.6434E-01 0.5957E-01 0.5669E-01 0.5271E-01 0.4973E-01 0.4762E-01 0.4289E-01 0.3617E-01 0.1622E-01 -.2063E-01 -.3278E-01 -.2770E-01 -.1536E-01 -.2326E-01
  153.72 0.8092E-01 0.7412E-01 0.7253E-01 0.6876E-01 0.6571E-01 0.6369E-01 0.6053E-01 0.5639E-01 0.5304E-01 0.4893E-01 0.4628E-01 0.4468E-01 0.3943E-01 0.3263E-01 0.1427E-01 -.1870E-01 -.3351E-01 -.3228E-01 -.1792E-01 -.2659E-01
  151.49 0.7432E-01 0.6784E-01 0.6618E-01 0.6296E-01 0.6014E-01 0.5874E-01 0.5551E-01 0.5208E-01 0.4818E-01 0.4416E-01 0.4169E-01 0.4092E-01 0.3492E-01 0.2817E-01 0.1151E-01 -.1748E-01 -.3166E-01 -.3689E-01 -.2065E-01 -.2955E-01
  149.25 0.6678E-01 0.6123E-01 0.5979E-01 0.5685E-01 0.5431E-01 0.5289E-01 0.4998E-01 0.4657E-01 0.4320E-01 0.3934E-01 0.3695E-01 0.3582E-01 0.3030E-01 0.2348E-01 0.8690E-02 -.1645E-01 -.2942E-01 -.4086E-01 -.2381E-01 -.3189E-01
  147.02 0.5926E-01 0.5473E-01 0.5335E-01 0.5077E-01 0.4797E-01 0.4683E-01 0.4439E-01 0.4061E-01 0.3761E-01 0.3438E-01 0.3157E-01 0.3044E-01 0.2500E-01 0.1812E-01 0.4617E-02 -.1512E-01 -.2798E-01 -.4394E-01 -.2723E-01 -.3371E-01
  144.78 0.5215E-01 0.4795E-01 0.4686E-01 0.4433E-01 0.4176E-01 0.4061E-01 0.3831E-01 0.3485E-01 0.3200E-01 0.2895E-01 0.2615E-01 0.2505E-01 0.1970E-01 0.1280E-01 -.1108E-03 -.1531E-01 -.2641E-01 -.4684E-01 -.3074E-01 -.3497E-01
  142.55 0.4530E-01 0.4144E-01 0.4059E-01 0.3806E-01 0.3586E-01 0.3444E-01 0.3230E-01 0.2911E-01 0.2656E-01 0.2349E-01 0.2087E-01 0.1942E-01 0.1455E-01 0.7704E-02 -.4777E-02 -.1664E-01 -.2606E-01 -.4813E-01 -.3432E-01 -.3568E-01
  140.31 0.3901E-01 0.3529E-01 0.3445E-01 0.3203E-01 0.3005E-01 0.2858E-01 0.2649E-01 0.2366E-01 0.2099E-01 0.1784E-01 0.1546E-01 0.1401E-01 0.9263E-02 0.2506E-02 -.9597E-02 -.1884E-01 -.2630E-01 -.4912E-01 -.3772E-01 -.3604E-01
  138.07 0.3320E-01 0.2956E-01 0.2875E-01 0.2637E-01 0.2453E-01 0.2299E-01 0.2093E-01 0.1820E-01 0.1560E-01 0.1239E-01 0.1013E-01 0.8644E-02 0.4010E-02 -.2705E-02 -.1446E-01 -.2196E-01 -.2718E-01 -.4938E-01 -.4113E-01 -.3610E-01
  135.84 0.2791E-01 0.2435E-01 0.2347E-01 0.2115E-01 0.1909E-01 0.1786E-01 0.1579E-01 0.1278E-01 0.1021E-01 0.7172E-02 0.4722E-02 0.3420E-02 -.1399E-02 -.8099E-02 -.1953E-01 -.2516E-01 -.2919E-01 -.4910E-01 -.4406E-01 -.3603E-01
  133.60 0.2300E-01 0.1942E-01 0.1853E-01 0.1618E-01 0.1411E-01 0.1273E-01 0.1070E-01 0.7676E-02 0.5163E-02 0.2090E-02 -.3558E-03 -.1872E-02 -.6504E-02 -.1320E-01 -.2474E-01 -.2848E-01 -.3145E-01 -.4966E-01 -.4688E-01 -.3597E-01
  131.37 0.1854E-01 0.1491E-01 0.1391E-01 0.1156E-01 0.9251E-02 0.7991E-02 0.5964E-02 0.2736E-02 0.1313E-03 -.2841E-02 -.5499E-02 -.6965E-02 -.1171E-01 -.1842E-01 -.3016E-01 -.3185E-01 -.3439E-01 -.4975E-01 -.4908E-01 -.3596E-01
  129.13 0.1442E-01 0.1047E-01 0.9528E-02 0.6999E-02 0.4846E-02 0.3340E-02 0.1198E-02 -.1873E-02 -.4549E-02 -.7782E-02 -.1032E-01 -.1198E-01 -.1665E-01 -.2344E-01 -.3538E-01 -.3547E-01 -.3765E-01 -.5045E-01 -.5102E-01 -.3611E-01
  126.89 0.1057E-01 0.6398E-02 0.5442E-02 0.2781E-02 0.5936E-03 -.1042E-02 -.3256E-02 -.6384E-02 -.9150E-02 -.1253E-01 -.1508E-01 -.1690E-01 -.2154E-01 -.2839E-01 -.4070E-01 -.3940E-01 -.4083E-01 -.5129E-01 -.5274E-01 -.3642E-01
  124.66 0.7068E-02 0.2363E-02 0.1413E-02 -.1456E-02 -.3350E-02 -.5308E-02 -.7754E-02 -.1044E-01 -.1354E-01 -.1744E-01 -.1966E-01 -.2160E-01 -.2625E-01 -.3313E-01 -.4584E-01 -.4338E-01 -.4430E-01 -.5257E-01 -.5430E-01 -.3687E-01
  122.42 0.3837E-02 -.1121E-02 -.2201E-02 -.5145E-02 -.7414E-02 -.9175E-02 -.1173E-01 -.1470E-01 -.1809E-01 -.2189E-01 -.2447E-01 -.2618E-01 -.3128E-01 -.3826E-01 -.5102E-01 -.4733E-01 -.4797E-01 -.5401E-01 -.5587E-01 -.3751E-01
  120.19 0.7586E-03 -.4525E-02 -.5614E-02 -.8759E-02 -.1112E-01 -.1308E-01 -.1572E-01 -.1872E-01 -.2230E-01 -.2622E-01 -.2895E-01 -.3084E-01 -.3602E-01 -.4319E-01 -.5588E-01 -.5125E-01 -.5174E-01 -.5610E-01 -.5762E-01 -.3834E-01
  117.95 -.2096E-02 -.7481E-02 -.8871E-02 -.1199E-01 -.1487E-01 -.1652E-01 -.1925E-01 -.2289E-01 -.2657E-01 -.3043E-01 -.3355E-01 -.3527E-01 -.4090E-01 -.4834E-01 -.6086E-01 -.5525E-01 -.5526E-01 -.5827E-01 -.5938E-01 -.3927E-01
  115.71 -.4898E-02 -.1054E-01 -.1191E-01 -.1529E-01 -.1824E-01 -.2012E-01 -.2297E-01 -.2681E-01 -.3051E-01 -.3458E-01 -.3784E-01 -.3973E-01 -.4550E-01 -.5322E-01 -.6583E-01 -.5936E-01 -.5880E-01 -.6068E-01 -.6128E-01 -.4031E-01
  113.48 -.7432E-02 -.1337E-01 -.1493E-01 -.1840E-01 -.2170E-01 -.2342E-01 -.2644E-01 -.3056E-01 -.3462E-01 -.3869E-01 -.4228E-01 -.4399E-01 -.5024E-01 -.5818E-01 -.7089E-01 -.6328E-01 -.6243E-01 -.6318E-01 -.6330E-01 -.4145E-01
  111.24 -.1007E-01 -.1627E-01 -.1768E-01 -.2153E-01 -.2466E-01 -.2699E-01 -.3006E-01 -.3421E-01 -.3818E-01 -.4270E-01 -.4616E-01 -.4853E-01 -.5442E-01 -.6255E-01 -.7609E-01 -.6717E-01 -.6613E-01 -.6584E-01 -.6545E-01 -.4267E-01
  109.01 -.1217E-01 -.1915E-01 -.2068E-01 -.2472E-01 -.2783E-01 -.3017E-01 -.3362E-01 -.3748E-01 -.4204E-01 -.4699E-01 -.5034E-01 -.5249E-01 -.5889E-01 -.6720E-01 -.8103E-01 -.7098E-01 -.6987E-01 -.6864E-01 -.6778E-01 -.4402E-01
  106.77 -.1440E-01 -.2147E-01 -.2318E-01 -.2731E-01 -.3103E-01 -.3315E-01 -.3664E-01 -.4131E-01 -.4587E-01 -.5065E-01 -.5459E-01 -.5664E-01 -.6349E-01 -.7211E-01 -.8594E-01 -.7490E-01 -.7332E-01 -.7143E-01 -.7023E-01 -.4538E-01
  104.53 -.1667E-01 -.2402E-01 -.2563E-01 -.3014E-01 -.3381E-01 -.3639E-01 -.3998E-01 -.4474E-01 -.4929E-01 -.5437E-01 -.5837E-01 -.6096E-01 -.6763E-01 -.7665E-01 -.9050E-01 -.7878E-01 -.7661E-01 -.7411E-01 -.7267E-01 -.4675E-01
  102.30 -.1863E-01 -.2630E-01 -.2826E-01 -.3276E-01 -.3685E-01 -.3919E-01 -.4299E-01 -.4805E-01 -.5304E-01 -.5823E-01 -.6248E-01 -.6488E-01 -.7205E-01 -.8131E-01 -.9496E-01 -.8232E-01 -.8014E-01 -.7699E-01 -.7517E-01 -.4818E-01
  100.06 -.2079E-01 -.2850E-01 -.3046E-01 -.3523E-01 -.3960E-01 -.4213E-01 -.4595E-01 -.5157E-01 -.5645E-01 -.6175E-01 -.6630E-01 -.6899E-01 -.7620E-01 -.8565E-01 -.9976E-01 -.8586E-01 -.8343E-01 -.7991E-01 -.7774E-01 -.4966E-01
   97.83 -.2271E-01 -.3100E-01 -.3283E-01 -.3801E-01 -.4211E-01 -.4523E-01 -.4925E-01 -.5457E-01 -.5967E-01 -.6549E-01 -.6984E-01 -.7302E-01 -.8011E-01 -.8983E-01 -.1042E+00 -.8943E-01 -.8638E-01 -.8269E-01 -.8026E-01 -.5110E-01
   95.59 -.2429E-01 -.3317E-01 -.3532E-01 -.4053E-01 -.4493E-01 -.4782E-01 -.5216E-01 -.5761E-01 -.6320E-01 -.6925E-01 -.7372E-01 -.7662E-01 -.8424E-01 -.9426E-01 -.1085E+00 -.9264E-01 -.8938E-01 -.8547E-01 -.8273E-01 -.5254E-01
   93.35 -.2599E-01 -.3515E-01 -.3735E-01 -.4279E-01 -.4762E-01 -.5046E-01 -.5491E-01 -.6085E-01 -.6659E-01 -.7261E-01 -.7753E-01 -.8031E-01 -.8841E-01 -.9861E-01 -.1130E+00 -.9557E-01 -.9224E-01 -.8820E-01 -.8515E-01 -.5396E-01
   91.12 -.2783E-01 -.3729E-01 -.3941E-01 -.4521E-01 -.4990E-01 -.5331E-01 -.5785E-01 -.6377E-01 -.6960E-01 -.7605E-01 -.8090E-01 -.8411E-01 -.9213E-01 -.1026E+00 -.1174E+00 -.9880E-01 -.9462E-01 -.9081E-01 -.8756E-01 -.5534E-01
   90.00 -.2841E-01 -.3811E-01 -.4053E-01 -.4624E-01 -.5142E-01 -.5426E-01 -.5901E-01 -.6535E-01 -.7145E-01 -.7776E-01 -.8293E-01 -.8562E-01 -.9427E-01 -.1049E+00 -.1192E+00 -.1005E+00 -.9576E-01 -.9209E-01 -.8875E-01 -.5605E-01
   88.88 -.2936E-01 -.3939E-01 -.4154E-01 -.4764E-01 -.5223E-01 -.5587E-01 -.6070E-01 -.6659E-01 -.7261E-01 -.7951E-01 -.8422E-01 -.8764E-01 -.9579E-01 -.1065E+00 -.1211E+00 -.1018E+00 -.9686E-01 -.9337E-01 -.8992E-01 -.5676E-01
   86.65 -.3088E-01 -.4109E-01 -.4346E-01 -.4966E-01 -.5476E-01 -.5824E-01 -.6318E-01 -.6941E-01 -.7581E-01 -.8265E-01 -.8772E-01 -.9110E-01 -.9951E-01 -.1104E+00 -.1242E+00 -.1041E+00 -.9944E-01 -.9575E-01 -.9214E-01 -.5805E-01
   84.41 -.3233E-01 -.4274E-01 -.4518E-01 -.5160E-01 -.5700E-01 -.6053E-01 -.6558E-01 -.7231E-01 -.7871E-01 -.8566E-01 -.9099E-01 -.9447E-01 -.1031E+00 -.1141E+00 -.1276E+00 -.1061E+00 -.1018E+00 -.9784E-01 -.9425E-01 -.5925E-01
   82.17 -.3359E-01 -.4430E-01 -.4693E-01 -.5347E-01 -.5913E-01 -.6273E-01 -.6787E-01 -.7496E-01 -.8152E-01 -.8856E-01 -.9417E-01 -.9752E-01 -.1066E+00 -.1179E+00 -.1310E+00 -.1081E+00 -.1035E+00 -.9995E-01 -.9627E-01 -.6049E-01
   79.94 -.3443E-01 -.4598E-01 -.4872E-01 -.5547E-01 -.6119E-01 -.6476E-01 -.7027E-01 -.7723E-01 -.8423E-01 -.9159E-01 -.9715E-01 -.1003E+00 -.1098E+00 -.1213E+00 -.1338E+00 -.1098E+00 -.1051E+00 -.1019E+00 -.9817E-01 -.6164E-01
   77.70 -.3534E-01 -.4738E-01 -.5037E-01 -.5722E-01 -.6305E-01 -.6661E-01 -.7238E-01 -.7945E-01 -.8670E-01 -.9438E-01 -.9990E-01 -.1030E+00 -.1128E+00 -.1244E+00 -.1360E+00 -.1111E+00 -.1068E+00 -.1034E+00 -.9977E-01 -.6261E-01
   75.47 -.3630E-01 -.4836E-01 -.5164E-01 -.5848E-01 -.6498E-01 -.6820E-01 -.7401E-01 -.8168E-01 -.8923E-01 -.9665E-01 -.1028E+00 -.1056E+00 -.1158E+00 -.1274E+00 -.1378E+00 -.1123E+00 -.1078E+00 -.1046E+00 -.1012E+00 -.6352E-01
   73.23 -.3717E-01 -.4934E-01 -.5259E-01 -.5968E-01 -.6657E-01 -.6987E-01 -.7566E-01 -.8366E-01 -.9139E-01 -.9864E-01 -.1052E+00 -.1079E+00 -.1184E+00 -.1300E+00 -.1394E+00 -.1134E+00 -.1082E+00 -.1059E+00 -.1025E+00 -.6439E-01
   70.99 -.3796E-01 -.5034E-01 -.5325E-01 -.6085E-01 -.6765E-01 -.7157E-01 -.7732E-01 -.8547E-01 -.9295E-01 -.1003E+00 -.1069E+00 -.1104E+00 -.1203E+00 -.1320E+00 -.1404E+00 -.1139E+00 -.1088E+00 -.1066E+00 -.1035E+00 -.6509E-01
   68.76 -.3833E-01 -.5098E-01 -.5394E-01 -.6174E-01 -.6867E-01 -.7275E-01 -.7856E-01 -.8714E-01 -.9444E-01 -.1019E+00 -.1086E+00 -.1123E+00 -.1221E+00 -.1340E+00 -.1409E+00 -.1137E+00 -.1094E+00 -.1067E+00 -.1041E+00 -.6552E-01
   66.52 -.3813E-01 -.5136E-01 -.5476E-01 -.6244E-01 -.6982E-01 -.7331E-01 -.7946E-01 -.8832E-01 -.9607E-01 -.1035E+00 -.1104E+00 -.1134E+00 -.1241E+00 -.1359E+00 -.1416E+00 -.1136E+00 -.1087E+00 -.1068E+00 -.1047E+00 -.6598E-01
   64.29 -.3799E-01 -.5143E-01 -.5504E-01 -.6278E-01 -.7058E-01 -.7390E-01 -.8013E-01 -.8933E-01 -.9716E-01 -.1045E+00 -.1117E+00 -.1144E+00 -.1254E+00 -.1373E+00 -.1419E+00 -.1135E+00 -.1073E+00 -.1066E+00 -.1048E+00 -.6630E-01
   62.05 -.3784E-01 -.5118E-01 -.5490E-01 -.6274E-01 -.7103E-01 -.7429E-01 -.8042E-01 -.9016E-01 -.9791E-01 -.1049E+00 -.1126E+00 -.1155E+00 -.1263E+00 -.1382E+00 -.1412E+00 -.1122E+00 -.1066E+00 -.1055E+00 -.1045E+00 -.6618E-01
   59.81 -.3760E-01 -.5102E-01 -.5449E-01 -.6273E-01 -.7080E-01 -.7465E-01 -.8076E-01 -.9053E-01 -.9795E-01 -.1052E+00 -.1126E+00 -.1162E+00 -.1263E+00 -.1382E+00 -.1399E+00 -.1104E+00 -.1051E+00 -.1040E+00 -.1040E+00 -.6600E-01
   57.58 -.3678E-01 -.5060E-01 -.5406E-01 -.6246E-01 -.7051E-01 -.7444E-01 -.8070E-01 -.9032E-01 -.9792E-01 -.1054E+00 -.1127E+00 -.1161E+00 -.1263E+00 -.1381E+00 -.1386E+00 -.1088E+00 -.1023E+00 -.1024E+00 -.1031E+00 -.6564E-01
   55.34 -.3548E-01 -.5019E-01 -.5361E-01 -.6222E-01 -.6973E-01 -.7398E-01 -.8058E-01 -.8952E-01 -.9744E-01 -.1054E+00 -.1120E+00 -.1155E+00 -.1256E+00 -.1371E+00 -.1372E+00 -.1066E+00 -.9942E-01 -.9991E-01 -.1016E+00 -.6490E-01
   53.11 -.3396E-01 -.4907E-01 -.5268E-01 -.6121E-01 -.6883E-01 -.7293E-01 -.7960E-01 -.8869E-01 -.9670E-01 -.1046E+00 -.1113E+00 -.1145E+00 -.1248E+00 -.1362E+00 -.1348E+00 -.1031E+00 -.9675E-01 -.9698E-01 -.9977E-01 -.6390E-01
   50.87 -.3192E-01 -.4789E-01 -.5174E-01 -.6019E-01 -.6759E-01 -.7144E-01 -.7853E-01 -.8691E-01 -.9561E-01 -.1038E+00 -.1102E+00 -.1127E+00 -.1236E+00 -.1347E+00 -.1320E+00 -.9925E-01 -.9268E-01 -.9322E-01 -.9746E-01 -.6248E-01
   48.63 -.3016E-01 -.4618E-01 -.4983E-01 -.5852E-01 -.6556E-01 -.7000E-01 -.7700E-01 -.8503E-01 -.9356E-01 -.1020E+00 -.1080E+00 -.1110E+00 -.1212E+00 -.1321E+00 -.1289E+00 -.9618E-01 -.8753E-01 -.8863E-01 -.9437E-01 -.6073E-01
   46.40 -.2812E-01 -.4379E-01 -.4744E-01 -.5614E-01 -.6338E-01 -.6786E-01 -.7470E-01 -.8298E-01 -.9119E-01 -.9966E-01 -.1055E+00 -.1087E+00 -.1186E+00 -.1294E+00 -.1243E+00 -.9148E-01 -.8293E-01 -.8433E-01 -.9093E-01 -.5860E-01
   44.16 -.2570E-01 -.4073E-01 -.4462E-01 -.5308E-01 -.6110E-01 -.6484E-01 -.7152E-01 -.8089E-01 -.8872E-01 -.9640E-01 -.1030E+00 -.1056E+00 -.1159E+00 -.1266E+00 -.1198E+00 -.8567E-01 -.7789E-01 -.7837E-01 -.8690E-01 -.5577E-01
   41.93 -.2241E-01 -.3829E-01 -.4231E-01 -.5064E-01 -.5817E-01 -.6174E-01 -.6884E-01 -.7698E-01 -.8560E-01 -.9377E-01 -.9948E-01 -.1018E+00 -.1121E+00 -.1222E+00 -.1154E+00 -.8005E-01 -.7243E-01 -.7111E-01 -.8157E-01 -.5232E-01
   39.69 -.1959E-01 -.3563E-01 -.3893E-01 -.4773E-01 -.5407E-01 -.5899E-01 -.6588E-01 -.7321E-01 -.8102E-01 -.8968E-01 -.9462E-01 -.9836E-01 -.1070E+00 -.1170E+00 -.1103E+00 -.7489E-01 -.6556E-01 -.6463E-01 -.7627E-01 -.4839E-01
   37.45 -.1620E-01 -.3231E-01 -.3563E-01 -.4425E-01 -.5023E-01 -.5502E-01 -.6200E-01 -.6909E-01 -.7676E-01 -.8556E-01 -.9012E-01 -.9357E-01 -.1023E+00 -.1121E+00 -.1047E+00 -.6869E-01 -.5793E-01 -.5697E-01 -.6970E-01 -.4384E-01
   35.22 -.1203E-01 -.2874E-01 -.3259E-01 -.4055E-01 -.4648E-01 -.5042E-01 -.5772E-01 -.6403E-01 -.7256E-01 -.8144E-01 -.8554E-01 -.8771E-01 -.9719E-01 -.1062E+00 -.9995E-01 -.6329E-01 -.5022E-01 -.4751E-01 -.6189E-01 -.3783E-01
   32.98 -.8578E-02 -.2561E-01 -.2888E-01 -.3712E-01 -.4118E-01 -.4659E-01 -.5394E-01 -.5862E-01 -.6653E-01 -.7667E-01 -.7901E-01 -.8283E-01 -.9027E-01 -.9910E-01 -.9336E-01 -.5547E-01 -.4537E-01 -.3798E-01 -.5379E-01 -.3110E-01
   30.75 -.5497E-02 -.2047E-01 -.2375E-01 -.3143E-01 -.3710E-01 -.4166E-01 -.4784E-01 -.5476E-01 -.6166E-01 -.6958E-01 -.7400E-01 -.7758E-01 -.8517E-01 -.9424E-01 -.8597E-01 -.4810E-01 -.3797E-01 -.2768E-01 -.4391E-01 -.2361E-01
   28.51 -.1573E-02 -.1618E-01 -.1918E-01 -.2671E-01 -.3303E-01 -.3650E-01 -.4258E-01 -.4958E-01 -.5680E-01 -.6343E-01 -.6892E-01 -.7094E-01 -.7990E-01 -.8854E-01 -.7957E-01 -.4215E-01 -.2904E-01 -.1712E-01 -.3328E-01 -.1447E-01
   26.28 0.1514E-02 -.1230E-01 -.1462E-01 -.2237E-01 -.2777E-01 -.3201E-01 -.3780E-01 -.4422E-01 -.5052E-01 -.5757E-01 -.6215E-01 -.6510E-01 -.7271E-01 -.8142E-01 -.7050E-01 -.3696E-01 -.2028E-01 -.6571E-02 -.2149E-01 -.4639E-02
   24.04 0.4350E-02 -.7587E-02 -.9772E-02 -.1706E-01 -.2348E-01 -.2706E-01 -.3184E-01 -.4009E-01 -.4512E-01 -.5033E-01 -.5644E-01 -.5952E-01 -.6675E-01 -.7548E-01 -.6477E-01 -.3083E-01 -.1328E-01 0.7105E-02 -.7798E-02 0.7257E-02
   21.80 0.8044E-02 -.4920E-02 -.7599E-02 -.1415E-01 -.1920E-01 -.2200E-01 -.2771E-01 -.3366E-01 -.4029E-01 -.4663E-01 -.5093E-01 -.5157E-01 -.6058E-01 -.6814E-01 -.5975E-01 -.2276E-01 -.9854E-02 0.1950E-01 0.6667E-02 0.2019E-01
   19.57 0.1046E-01 -.3332E-02 -.5819E-02 -.1218E-01 -.1441E-01 -.1866E-01 -.2480E-01 -.2729E-01 -.3440E-01 -.4300E-01 -.4388E-01 -.4571E-01 -.5224E-01 -.5827E-01 -.5115E-01 -.1403E-01 -.3684E-02 0.3149E-01 0.2220E-01 0.3292E-01
   17.33 0.1096E-01 -.2691E-02 -.3165E-02 -.1054E-01 -.9991E-02 -.1741E-01 -.2254E-01 -.2319E-01 -.2825E-01 -.3727E-01 -.3686E-01 -.4226E-01 -.4452E-01 -.5052E-01 -.4505E-01 -.7262E-02 0.4655E-02 0.4491E-01 0.3982E-01 0.4717E-01
   15.10 0.1259E-01 -.3635E-02 -.4722E-02 -.1101E-01 -.9258E-02 -.1460E-01 -.2111E-01 -.1830E-01 -.2654E-01 -.3586E-01 -.3404E-01 -.3474E-01 -.4043E-01 -.4382E-01 -.3811E-01 -.9178E-03 0.1517E-01 0.5491E-01 0.5741E-01 0.6020E-01
   12.86 0.1014E-01 -.6286E-02 -.5505E-02 -.1242E-01 -.7838E-02 -.1628E-01 -.2174E-01 -.1601E-01 -.2261E-01 -.3250E-01 -.2856E-01 -.3250E-01 -.3323E-01 -.3477E-01 -.2489E-01 0.7112E-02 0.2432E-01 0.6899E-01 0.7615E-01 0.7217E-01
   10.63 0.5650E-02 -.8787E-02 -.6282E-02 -.1316E-01 -.8908E-02 -.1811E-01 -.2146E-01 -.1693E-01 -.2023E-01 -.2668E-01 -.2468E-01 -.3019E-01 -.2794E-01 -.2904E-01 -.1560E-01 0.2230E-01 0.3209E-01 0.7738E-01 0.9278E-01 0.8061E-01
    8.39 0.3235E-02 -.9829E-02 -.1255E-01 -.1352E-01 -.1622E-01 -.1277E-01 -.1712E-01 -.1565E-01 -.2542E-01 -.2501E-01 -.2806E-01 -.1727E-01 -.2917E-01 -.2511E-01 -.4346E-02 0.4855E-01 0.2904E-01 0.8606E-01 0.1040E+00 0.8401E-01
    6.16 -.4839E-02 -.1722E-01 -.1407E-01 -.1887E-01 -.8631E-02 -.1737E-01 -.2151E-01 -.8892E-02 -.1038E-01 -.1946E-01 -.8310E-02 -.1300E-01 -.4933E-02 -.3733E-03 0.3714E-01 0.7410E-01 0.4400E-01 0.9345E-01 0.1054E+00 0.7961E-01
    3.93 -.1106E-01 -.2110E-01 -.4439E-02 -.1867E-01 0.1117E-01 -.2074E-01 -.2257E-01 0.4797E-02 0.2006E-01 -.9764E-03 0.2743E-01 -.6808E-02 0.3511E-01 0.3621E-01 0.8032E-01 0.8835E-01 0.7850E-01 0.6394E-01 0.5942E-01 0.5125E-01
    1.71 0.8640E-02 0.7293E-02 0.1541E-01 0.9716E-02 0.2855E-01 0.1652E-01 0.1316E-01 0.2258E-01 0.3696E-01 0.2440E-01 0.4268E-01 0.2586E-01 0.4836E-01 0.4767E-01 0.6322E-01 0.5280E-01 0.5314E-01 0.2946E-01 0.1716E-01 0.1240E-01
    0.00 0.1060E-18 -.5088E-18 -.6269E-18 -.3178E-18 -.4913E-18 0.1627E-18 0.2987E-18 0.7191E-18 0.1152E-18 0.4081E-18 -.6846E-19 -.1714E-18 -.1846E-18 0.2259E-18 -.2138E-18 0.1679E-18 -.8079E-19 -.2362E-18 0.7766E-19 -.9687E-19
  180.00 -.4021E+00 -.3762E+00 -.3733E+00 -.3635E+00 -.3631E+00 -.3566E+00 -.3502E+00 -.3496E+00 -.3491E+00 -.3440E+00 -.3517E+00 -.3534E+00 -.3579E+00 -.3626E+00 -.3264E+00 -.2703E+00 -.2609E+00 -.1796E+00 -.1387E+00 -.1179E+00
  178.29 -.3883E+00 -.3631E+00 -.3603E+00 -.3505E+00 -.3492E+00 -.3429E+00 -.3366E+00 -.3354E+00 -.3342E+00 -.3295E+00 -.3359E+00 -.3374E+00 -.3409E+00 -.3444E+00 -.3082E+00 -.2527E+00 -.2432E+00 -.1679E+00 -.1295E+00 -.1131E+00
  176.07 -.3465E+00 -.3241E+00 -.3211E+00 -.3117E+00 -.3085E+00 -.3028E+00 -.2968E+00 -.2927E+00 -.2903E+00 -.2852E+00 -.2880E+00 -.2886E+00 -.2879E+00 -.2860E+00 -.2447E+00 -.1891E+00 -.1817E+00 -.1286E+00 -.1030E+00 -.9551E-01
  173.84 -.3019E+00 -.2854E+00 -.2827E+00 -.2754E+00 -.2715E+00 -.2675E+00 -.2624E+00 -.2572E+00 -.2542E+00 -.2496E+00 -.2494E+00 -.2497E+00 -.2451E+00 -.2376E+00 -.1870E+00 -.1246E+00 -.1185E+00 -.9030E-01 -.8218E-01 -.7415E-01
  171.61 -.2569E+00 -.2474E+00 -.2456E+00 -.2413E+00 -.2390E+00 -.2366E+00 -.2330E+00 -.2290E+00 -.2272E+00 -.2234E+00 -.2231E+00 -.2230E+00 -.2180E+00 -.2079E+00 -.1539E+00 -.8304E-01 -.7475E-01 -.6851E-01 -.7491E-01 -.5847E-01
  169.37 -.2141E+00 -.2115E+00 -.2114E+00 -.2097E+00 -.2096E+00 -.2080E+00 -.2066E+00 -.2048E+00 -.2051E+00 -.2028E+00 -.2033E+00 -.2025E+00 -.1995E+00 -.1902E+00 -.1392E+00 -.6140E-01 -.5117E-01 -.6200E-01 -.7539E-01 -.5037E-01
  167.14 -.1763E+00 -.1800E+00 -.1810E+00 -.1819E+00 -.1829E+00 -.1826E+00 -.1838E+00 -.1827E+00 -.1855E+00 -.1861E+00 -.1866E+00 -.1858E+00 -.1853E+00 -.1791E+00 -.1344E+00 -.5307E-01 -.4407E-01 -.6324E-01 -.7712E-01 -.4731E-01
  164.90 -.1447E+00 -.1524E+00 -.1538E+00 -.1572E+00 -.1589E+00 -.1606E+00 -.1633E+00 -.1637E+00 -.1673E+00 -.1702E+00 -.1713E+00 -.1721E+00 -.1730E+00 -.1705E+00 -.1325E+00 -.5440E-01 -.4664E-01 -.6608E-01 -.7840E-01 -.4646E-01
  162.67 -.1179E+00 -.1269E+00 -.1287E+00 -.1333E+00 -.1372E+00 -.1396E+00 -.1425E+00 -.1460E+00 -.1499E+00 -.1531E+00 -.1562E+00 -.1584E+00 -.1602E+00 -.1607E+00 -.1313E+00 -.6061E-01 -.5280E-01 -.6821E-01 -.7904E-01 -.4611E-01
  160.43 -.9404E-01 -.1043E+00 -.1072E+00 -.1121E+00 -.1172E+00 -.1192E+00 -.1230E+00 -.1282E+00 -.1331E+00 -.1372E+00 -.1410E+00 -.1428E+00 -.1469E+00 -.1495E+00 -.1317E+00 -.6834E-01 -.5965E-01 -.6936E-01 -.7920E-01 -.4567E-01
  158.20 -.7386E-01 -.8580E-01 -.8881E-01 -.9451E-01 -.9967E-01 -.1020E+00 -.1067E+00 -.1113E+00 -.1178E+00 -.1231E+00 -.1269E+00 -.1284E+00 -.1342E+00 -.1383E+00 -.1307E+00 -.7553E-01 -.6533E-01 -.6942E-01 -.7880E-01 -.4493E-01
  155.96 -.5802E-01 -.7007E-01 -.7279E-01 -.7918E-01 -.8419E-01 -.8756E-01 -.9246E-01 -.9749E-01 -.1039E+00 -.1099E+00 -.1139E+00 -.1165E+00 -.1224E+00 -.1281E+00 -.1268E+00 -.8080E-01 -.6964E-01 -.6892E-01 -.7792E-01 -.4395E-01
  153.72 -.4502E-01 -.5662E-01 -.5918E-01 -.6583E-01 -.7146E-01 -.7495E-01 -.7972E-01 -.8586E-01 -.9206E-01 -.9788E-01 -.1030E+00 -.1060E+00 -.1125E+00 -.1197E+00 -.1225E+00 -.8350E-01 -.7282E-01 -.6782E-01 -.7664E-01 -.4266E-01
  151.49 -.3408E-01 -.4561E-01 -.4836E-01 -.5487E-01 -.6066E-01 -.6383E-01 -.6885E-01 -.7550E-01 -.8185E-01 -.8801E-01 -.9331E-01 -.9598E-01 -.1036E+00 -.1118E+00 -.1191E+00 -.8474E-01 -.7465E-01 -.6614E-01 -.7506E-01 -.4111E-01
  149.25 -.2512E-01 -.3665E-01 -.3934E-01 -.4580E-01 -.5129E-01 -.5457E-01 -.5976E-01 -.6608E-01 -.7270E-01 -.7931E-01 -.8447E-01 -.8731E-01 -.9533E-01 -.1041E+00 -.1149E+00 -.8471E-01 -.7557E-01 -.6437E-01 -.7313E-01 -.3938E-01
  147.02 -.1782E-01 -.2910E-01 -.3160E-01 -.3800E-01 -.4309E-01 -.4665E-01 -.5183E-01 -.5776E-01 -.6442E-01 -.7138E-01 -.7632E-01 -.7956E-01 -.8752E-01 -.9692E-01 -.1099E+00 -.8297E-01 -.7571E-01 -.6245E-01 -.7079E-01 -.3752E-01
  144.78 -.1165E-01 -.2240E-01 -.2499E-01 -.3103E-01 -.3608E-01 -.3936E-01 -.4449E-01 -.5050E-01 -.5717E-01 -.6413E-01 -.6911E-01 -.7222E-01 -.8057E-01 -.9046E-01 -.1050E+00 -.8092E-01 -.7441E-01 -.6043E-01 -.6812E-01 -.3565E-01
  142.55 -.6361E-02 -.1654E-01 -.1903E-01 -.2482E-01 -.2984E-01 -.3288E-01 -.3788E-01 -.4393E-01 -.5054E-01 -.5727E-01 -.6245E-01 -.6532E-01 -.7409E-01 -.8447E-01 -.9982E-01 -.7859E-01 -.7256E-01 -.5845E-01 -.6527E-01 -.3377E-01
  140.31 -.1867E-02 -.1125E-01 -.1346E-01 -.1912E-01 -.2402E-01 -.2709E-01 -.3179E-01 -.3796E-01 -.4417E-01 -.5063E-01 -.5600E-01 -.5902E-01 -.6772E-01 -.7837E-01 -.9452E-01 -.7551E-01 -.7053E-01 -.5651E-01 -.6222E-01 -.3187E-01
  138.07 0.2327E-02 -.6454E-02 -.8533E-02 -.1395E-01 -.1858E-01 -.2156E-01 -.2613E-01 -.3216E-01 -.3814E-01 -.4457E-01 -.4977E-01 -.5278E-01 -.6145E-01 -.7229E-01 -.8941E-01 -.7228E-01 -.6765E-01 -.5464E-01 -.5899E-01 -.2994E-01
  135.84 0.6286E-02 -.2023E-02 -.3898E-02 -.9145E-02 -.1333E-01 -.1643E-01 -.2085E-01 -.2648E-01 -.3224E-01 -.3874E-01 -.4360E-01 -.4672E-01 -.5516E-01 -.6608E-01 -.8418E-01 -.6882E-01 -.6470E-01 -.5239E-01 -.5576E-01 -.2787E-01
  133.60 0.1019E-01 0.2351E-02 0.5826E-03 -.4388E-02 -.8387E-02 -.1139E-01 -.1562E-01 -.2093E-01 -.2659E-01 -.3290E-01 -.3763E-01 -.4075E-01 -.4901E-01 -.5994E-01 -.7878E-01 -.6525E-01 -.6138E-01 -.5024E-01 -.5235E-01 -.2574E-01
  131.37 0.1401E-01 0.6651E-02 0.4935E-02 0.2593E-03 -.3388E-02 -.6413E-02 -.1044E-01 -.1543E-01 -.2085E-01 -.2716E-01 -.3153E-01 -.3482E-01 -.4266E-01 -.5357E-01 -.7289E-01 -.6156E-01 -.5753E-01 -.4801E-01 -.4903E-01 -.2359E-01
  129.13 0.1800E-01 0.1114E-01 0.9403E-02 0.5108E-02 0.1366E-02 -.1160E-02 -.5040E-02 -.1013E-01 -.1535E-01 -.2119E-01 -.2570E-01 -.2857E-01 -.3662E-01 -.4745E-01 -.6674E-01 -.5748E-01 -.5365E-01 -.4548E-01 -.4579E-01 -.2132E-01
  126.89 0.2206E-01 0.1567E-01 0.1398E-01 0.9992E-02 0.6256E-02 0.4072E-02 0.3901E-03 -.4570E-02 -.9714E-02 -.1512E-01 -.1973E-01 -.2223E-01 -.3041E-01 -.4118E-01 -.6030E-01 -.5311E-01 -.4946E-01 -.4264E-01 -.4256E-01 -.1897E-01
  124.66 0.2629E-01 0.2040E-01 0.1872E-01 0.1507E-01 0.1136E-01 0.9525E-02 0.6016E-02 0.1087E-02 -.3833E-02 -.8897E-02 -.1346E-01 -.1566E-01 -.2383E-01 -.3444E-01 -.5384E-01 -.4834E-01 -.4495E-01 -.3946E-01 -.3927E-01 -.1640E-01
  122.42 0.3077E-01 0.2509E-01 0.2362E-01 0.2010E-01 0.1693E-01 0.1498E-01 0.1155E-01 0.7250E-02 0.2544E-02 -.2633E-02 -.6645E-02 -.8869E-02 -.1666E-01 -.2708E-01 -.4693E-01 -.4310E-01 -.4013E-01 -.3586E-01 -.3582E-01 -.1365E-01
  120.19 0.3549E-01 0.3027E-01 0.2891E-01 0.2564E-01 0.2267E-01 0.2081E-01 0.1762E-01 0.1356E-01 0.9105E-02 0.4192E-02 0.3628E-03 -.1826E-02 -.9271E-02 -.1945E-01 -.3961E-01 -.3768E-01 -.3473E-01 -.3213E-01 -.3218E-01 -.1079E-01
  117.95 0.4046E-01 0.3565E-01 0.3458E-01 0.3140E-01 0.2899E-01 0.2684E-01 0.2389E-01 0.2028E-01 0.1629E-01 0.1139E-01 0.8024E-02 0.5427E-02 -.1211E-02 -.1118E-01 -.3154E-01 -.3183E-01 -.2885E-01 -.2817E-01 -.2841E-01 -.7768E-02
  115.71 0.4610E-01 0.4164E-01 0.4058E-01 0.3774E-01 0.3541E-01 0.3365E-01 0.3082E-01 0.2739E-01 0.2354E-01 0.1902E-01 0.1573E-01 0.1358E-01 0.6908E-02 -.2812E-02 -.2290E-01 -.2514E-01 -.2278E-01 -.2351E-01 -.2432E-01 -.4465E-02
  113.48 0.5208E-01 0.4814E-01 0.4714E-01 0.4460E-01 0.4242E-01 0.4086E-01 0.3827E-01 0.3502E-01 0.3139E-01 0.2718E-01 0.2406E-01 0.2218E-01 0.1565E-01 0.6243E-02 -.1386E-01 -.1794E-01 -.1643E-01 -.1844E-01 -.1995E-01 -.8949E-03
  111.24 0.5880E-01 0.5522E-01 0.5412E-01 0.5200E-01 0.4987E-01 0.4882E-01 0.4633E-01 0.4329E-01 0.3972E-01 0.3585E-01 0.3292E-01 0.3159E-01 0.2495E-01 0.1576E-01 -.4082E-02 -.1019E-01 -.9221E-02 -.1305E-01 -.1524E-01 0.2931E-02
  109.01 0.6581E-01 0.6302E-01 0.6212E-01 0.6022E-01 0.5815E-01 0.5716E-01 0.5506E-01 0.5203E-01 0.4901E-01 0.4562E-01 0.4272E-01 0.4127E-01 0.3521E-01 0.2629E-01 0.6705E-02 -.1832E-02 -.1289E-02 -.7285E-02 -.1016E-01 0.7030E-02
  106.77 0.7366E-01 0.7130E-01 0.7057E-01 0.6890E-01 0.6727E-01 0.6620E-01 0.6434E-01 0.6181E-01 0.5912E-01 0.5588E-01 0.5341E-01 0.5189E-01 0.4641E-01 0.3778E-01 0.1861E-01 0.7212E-02 0.7109E-02 -.1017E-02 -.4651E-02 0.1145E-01
  104.53 0.8243E-01 0.8063E-01 0.7989E-01 0.7864E-01 0.7691E-01 0.7643E-01 0.7481E-01 0.7219E-01 0.6978E-01 0.6720E-01 0.6460E-01 0.6364E-01 0.5809E-01 0.4979E-01 0.3116E-01 0.1708E-01 0.1626E-01 0.5967E-02 0.1344E-02 0.1630E-01
  102.30 0.9190E-01 0.9060E-01 0.9027E-01 0.8916E-01 0.8787E-01 0.8717E-01 0.8592E-01 0.8371E-01 0.8181E-01 0.7951E-01 0.7725E-01 0.7612E-01 0.7128E-01 0.6335E-01 0.4448E-01 0.2781E-01 0.2643E-01 0.1364E-01 0.7922E-02 0.2162E-01
  100.06 0.1025E+00 0.1014E+00 0.1012E+00 0.1003E+00 0.9985E-01 0.9910E-01 0.9785E-01 0.9666E-01 0.9492E-01 0.9242E-01 0.9108E-01 0.9004E-01 0.8575E-01 0.7823E-01 0.5918E-01 0.3934E-01 0.3742E-01 0.2177E-01 0.1504E-01 0.2736E-01
   97.83 0.1142E+00 0.1139E+00 0.1136E+00 0.1133E+00 0.1128E+00 0.1124E+00 0.1115E+00 0.1104E+00 0.1091E+00 0.1071E+00 0.1059E+00 0.1051E+00 0.1012E+00 0.9412E-01 0.7510E-01 0.5190E-01 0.4942E-01 0.3063E-01 0.2269E-01 0.3359E-01
   95.59 0.1269E+00 0.1275E+00 0.1276E+00 0.1275E+00 0.1273E+00 0.1268E+00 0.1264E+00 0.1255E+00 0.1249E+00 0.1235E+00 0.1224E+00 0.1213E+00 0.1183E+00 0.1115E+00 0.9252E-01 0.6585E-01 0.6243E-01 0.4057E-01 0.3102E-01 0.4049E-01
   93.35 0.1414E+00 0.1424E+00 0.1426E+00 0.1428E+00 0.1431E+00 0.1430E+00 0.1428E+00 0.1424E+00 0.1420E+00 0.1409E+00 0.1402E+00 0.1396E+00 0.1367E+00 0.1302E+00 0.1119E+00 0.8125E-01 0.7637E-01 0.5141E-01 0.4013E-01 0.4809E-01
   91.12 0.1576E+00 0.1590E+00 0.1591E+00 0.1600E+00 0.1604E+00 0.1611E+00 0.1610E+00 0.1610E+00 0.1606E+00 0.1600E+00 0.1597E+00 0.1600E+00 0.1569E+00 0.1509E+00 0.1328E+00 0.9771E-01 0.9180E-01 0.6305E-01 0.4999E-01 0.5638E-01
   90.00 0.1659E+00 0.1678E+00 0.1684E+00 0.1691E+00 0.1702E+00 0.1703E+00 0.1704E+00 0.1711E+00 0.1712E+00 0.1705E+00 0.1707E+00 0.1704E+00 0.1682E+00 0.1624E+00 0.1435E+00 0.1064E+00 0.1002E+00 0.6926E-01 0.5522E-01 0.6084E-01
   88.88 0.1751E+00 0.1775E+00 0.1779E+00 0.1792E+00 0.1800E+00 0.1806E+00 0.1809E+00 0.1814E+00 0.1817E+00 0.1815E+00 0.1815E+00 0.1818E+00 0.1794E+00 0.1739E+00 0.1551E+00 0.1155E+00 0.1090E+00 0.7586E-01 0.6070E-01 0.6553E-01
   86.65 0.1945E+00 0.1979E+00 0.1988E+00 0.2002E+00 0.2018E+00 0.2021E+00 0.2030E+00 0.2038E+00 0.2051E+00 0.2053E+00 0.2058E+00 0.2056E+00 0.2043E+00 0.1991E+00 0.1797E+00 0.1356E+00 0.1275E+00 0.9007E-01 0.7245E-01 0.7571E-01
   84.41 0.2166E+00 0.2206E+00 0.2216E+00 0.2236E+00 0.2256E+00 0.2264E+00 0.2275E+00 0.2291E+00 0.2305E+00 0.2311E+00 0.2321E+00 0.2324E+00 0.2314E+00 0.2266E+00 0.2071E+00 0.1579E+00 0.1474E+00 0.1056E+00 0.8535E-01 0.8699E-01
   82.17 0.2412E+00 0.2459E+00 0.2469E+00 0.2496E+00 0.2520E+00 0.2535E+00 0.2548E+00 0.2570E+00 0.2586E+00 0.2597E+00 0.2611E+00 0.2621E+00 0.2612E+00 0.2569E+00 0.2371E+00 0.1818E+00 0.1699E+00 0.1226E+00 0.9945E-01 0.9954E-01
   79.94 0.2683E+00 0.2745E+00 0.2756E+00 0.2791E+00 0.2815E+00 0.2833E+00 0.2854E+00 0.2874E+00 0.2899E+00 0.2919E+00 0.2933E+00 0.2944E+00 0.2942E+00 0.2901E+00 0.2696E+00 0.2078E+00 0.1949E+00 0.1414E+00 0.1149E+00 0.1135E+00
   77.70 0.2986E+00 0.3062E+00 0.3077E+00 0.3117E+00 0.3143E+00 0.3165E+00 0.3192E+00 0.3214E+00 0.3246E+00 0.3276E+00 0.3290E+00 0.3302E+00 0.3306E+00 0.3268E+00 0.3055E+00 0.2369E+00 0.2219E+00 0.1624E+00 0.1320E+00 0.1292E+00
   75.47 0.3324E+00 0.3412E+00 0.3433E+00 0.3477E+00 0.3512E+00 0.3531E+00 0.3564E+00 0.3594E+00 0.3636E+00 0.3669E+00 0.3690E+00 0.3697E+00 0.3712E+00 0.3676E+00 0.3448E+00 0.2691E+00 0.2517E+00 0.1855E+00 0.1509E+00 0.1468E+00
   73.23 0.3705E+00 0.3804E+00 0.3828E+00 0.3877E+00 0.3921E+00 0.3943E+00 0.3979E+00 0.4019E+00 0.4065E+00 0.4102E+00 0.4128E+00 0.4139E+00 0.4158E+00 0.4125E+00 0.3873E+00 0.3043E+00 0.2854E+00 0.2110E+00 0.1718E+00 0.1666E+00
   70.99 0.4133E+00 0.4239E+00 0.4267E+00 0.4324E+00 0.4379E+00 0.4401E+00 0.4440E+00 0.4493E+00 0.4544E+00 0.4579E+00 0.4617E+00 0.4629E+00 0.4654E+00 0.4623E+00 0.4337E+00 0.3435E+00 0.3226E+00 0.2397E+00 0.1949E+00 0.1892E+00
   68.76 0.4610E+00 0.4733E+00 0.4764E+00 0.4827E+00 0.4889E+00 0.4912E+00 0.4959E+00 0.5015E+00 0.5076E+00 0.5117E+00 0.5158E+00 0.5168E+00 0.5201E+00 0.5168E+00 0.4859E+00 0.3874E+00 0.3631E+00 0.2715E+00 0.2207E+00 0.2148E+00
   66.52 0.5146E+00 0.5285E+00 0.5319E+00 0.5392E+00 0.5458E+00 0.5487E+00 0.5538E+00 0.5599E+00 0.5664E+00 0.5713E+00 0.5756E+00 0.5769E+00 0.5803E+00 0.5768E+00 0.5433E+00 0.4357E+00 0.4086E+00 0.3069E+00 0.2496E+00 0.2439E+00
   64.29 0.5749E+00 0.5900E+00 0.5940E+00 0.6018E+00 0.6096E+00 0.6126E+00 0.6181E+00 0.6255E+00 0.6324E+00 0.6372E+00 0.6423E+00 0.6437E+00 0.6474E+00 0.6438E+00 0.6059E+00 0.4885E+00 0.4601E+00 0.3470E+00 0.2818E+00 0.2773E+00
   62.05 0.6427E+00 0.6595E+00 0.6638E+00 0.6725E+00 0.6809E+00 0.6844E+00 0.6904E+00 0.6982E+00 0.7056E+00 0.7110E+00 0.7162E+00 0.7178E+00 0.7216E+00 0.7174E+00 0.6747E+00 0.5481E+00 0.5169E+00 0.3920E+00 0.3183E+00 0.3157E+00
   59.81 0.7192E+00 0.7376E+00 0.7421E+00 0.7519E+00 0.7607E+00 0.7648E+00 0.7713E+00 0.7797E+00 0.7871E+00 0.7930E+00 0.7982E+00 0.8003E+00 0.8033E+00 0.7984E+00 0.7506E+00 0.6152E+00 0.5797E+00 0.4426E+00 0.3596E+00 0.3602E+00
   57.58 0.8049E+00 0.8255E+00 0.8304E+00 0.8410E+00 0.8504E+00 0.8548E+00 0.8618E+00 0.8703E+00 0.8785E+00 0.8847E+00 0.8897E+00 0.8916E+00 0.8942E+00 0.8881E+00 0.8345E+00 0.6893E+00 0.6508E+00 0.5004E+00 0.4064E+00 0.4118E+00
   55.34 0.9019E+00 0.9243E+00 0.9295E+00 0.9409E+00 0.9511E+00 0.9558E+00 0.9626E+00 0.9723E+00 0.9801E+00 0.9866E+00 0.9919E+00 0.9937E+00 0.9953E+00 0.9880E+00 0.9264E+00 0.7715E+00 0.7309E+00 0.5662E+00 0.4602E+00 0.4722E+00
   53.11 0.1011E+01 0.1036E+01 0.1041E+01 0.1054E+01 0.1064E+01 0.1068E+01 0.1077E+01 0.1085E+01 0.1095E+01 0.1101E+01 0.1105E+01 0.1106E+01 0.1108E+01 0.1098E+01 0.1028E+01 0.8636E+00 0.8204E+00 0.6409E+00 0.5222E+00 0.5429E+00
   50.87 0.1135E+01 0.1163E+01 0.1167E+01 0.1181E+01 0.1190E+01 0.1196E+01 0.1204E+01 0.1213E+01 0.1221E+01 0.1228E+01 0.1230E+01 0.1232E+01 0.1231E+01 0.1219E+01 0.1141E+01 0.9680E+00 0.9209E+00 0.7268E+00 0.5937E+00 0.6261E+00
   48.63 0.1275E+01 0.1304E+01 0.1310E+01 0.1324E+01 0.1332E+01 0.1340E+01 0.1348E+01 0.1355E+01 0.1362E+01 0.1369E+01 0.1371E+01 0.1373E+01 0.1369E+01 0.1353E+01 0.1265E+01 0.1084E+01 0.1034E+01 0.8263E+00 0.6774E+00 0.7253E+00
   46.40 0.1433E+01 0.1463E+01 0.1468E+01 0.1483E+01 0.1493E+01 0.1500E+01 0.1507E+01 0.1515E+01 0.1521E+01 0.1526E+01 0.1527E+01 0.1528E+01 0.1522E+01 0.1503E+01 0.1401E+01 0.1213E+01 0.1164E+01 0.9418E+00 0.7757E+00 0.8431E+00
   44.16 0.1612E+01 0.1643E+01 0.1649E+01 0.1663E+01 0.1673E+01 0.1679E+01 0.1686E+01 0.1694E+01 0.1698E+01 0.1701E+01 0.1701E+01 0.1700E+01 0.1692E+01 0.1670E+01 0.1550E+01 0.1360E+01 0.1310E+01 0.1075E+01 0.8919E+00 0.9843E+00
   41.93 0.1814E+01 0.1846E+01 0.1852E+01 0.1866E+01 0.1876E+01 0.1881E+01 0.1887E+01 0.1893E+01 0.1896E+01 0.1896E+01 0.1894E+01 0.1893E+01 0.1880E+01 0.1851E+01 0.1716E+01 0.1526E+01 0.1475E+01 0.1233E+01 0.1031E+01 0.1155E+01
   39.69 0.2044E+01 0.2076E+01 0.2082E+01 0.2095E+01 0.2103E+01 0.2108E+01 0.2113E+01 0.2116E+01 0.2116E+01 0.2114E+01 0.2108E+01 0.2106E+01 0.2087E+01 0.2052E+01 0.1900E+01 0.1714E+01 0.1663E+01 0.1419E+01 0.1198E+01 0.1361E+01
   37.45 0.2306E+01 0.2336E+01 0.2340E+01 0.2352E+01 0.2357E+01 0.2363E+01 0.2365E+01 0.2366E+01 0.2361E+01 0.2356E+01 0.2346E+01 0.2342E+01 0.2318E+01 0.2274E+01 0.2104E+01 0.1923E+01 0.1880E+01 0.1639E+01 0.1402E+01 0.1613E+01
   35.22 0.2600E+01 0.2628E+01 0.2632E+01 0.2641E+01 0.2645E+01 0.2648E+01 0.2647E+01 0.2644E+01 0.2636E+01 0.2625E+01 0.2611E+01 0.2604E+01 0.2572E+01 0.2519E+01 0.2328E+01 0.2163E+01 0.2129E+01 0.1902E+01 0.1650E+01 0.1921E+01
   32.98 0.2934E+01 0.2959E+01 0.2961E+01 0.2966E+01 0.2966E+01 0.2967E+01 0.2963E+01 0.2955E+01 0.2939E+01 0.2922E+01 0.2904E+01 0.2894E+01 0.2853E+01 0.2790E+01 0.2573E+01 0.2436E+01 0.2415E+01 0.2218E+01 0.1959E+01 0.2299E+01
   30.75 0.3314E+01 0.3330E+01 0.3330E+01 0.3331E+01 0.3326E+01 0.3324E+01 0.3315E+01 0.3301E+01 0.3278E+01 0.3252E+01 0.3228E+01 0.3213E+01 0.3162E+01 0.3088E+01 0.2849E+01 0.2750E+01 0.2746E+01 0.2599E+01 0.2346E+01 0.2770E+01
   28.51 0.3742E+01 0.3749E+01 0.3747E+01 0.3740E+01 0.3731E+01 0.3722E+01 0.3707E+01 0.3685E+01 0.3654E+01 0.3619E+01 0.3586E+01 0.3565E+01 0.3505E+01 0.3416E+01 0.3160E+01 0.3112E+01 0.3131E+01 0.3067E+01 0.2833E+01 0.3354E+01
   26.28 0.4231E+01 0.4222E+01 0.4216E+01 0.4200E+01 0.4180E+01 0.4168E+01 0.4145E+01 0.4112E+01 0.4069E+01 0.4023E+01 0.3980E+01 0.3955E+01 0.3880E+01 0.3778E+01 0.3508E+01 0.3531E+01 0.3590E+01 0.3639E+01 0.3455E+01 0.4088E+01
   24.04 0.4784E+01 0.4755E+01 0.4745E+01 0.4715E+01 0.4685E+01 0.4664E+01 0.4631E+01 0.4586E+01 0.4531E+01 0.4471E+01 0.4418E+01 0.4383E+01 0.4296E+01 0.4179E+01 0.3905E+01 0.4029E+01 0.4135E+01 0.4351E+01 0.4257E+01 0.5009E+01
   21.80 0.5415E+01 0.5355E+01 0.5337E+01 0.5292E+01 0.5246E+01 0.5219E+01 0.5173E+01 0.5113E+01 0.5040E+01 0.4965E+01 0.4899E+01 0.4860E+01 0.4755E+01 0.4625E+01 0.4365E+01 0.4630E+01 0.4798E+01 0.5247E+01 0.5302E+01 0.6174E+01
   19.57 0.6132E+01 0.6034E+01 0.6006E+01 0.5940E+01 0.5876E+01 0.5839E+01 0.5777E+01 0.5698E+01 0.5606E+01 0.5515E+01 0.5436E+01 0.5390E+01 0.5269E+01 0.5131E+01 0.4915E+01 0.5376E+01 0.5619E+01 0.6386E+01 0.6678E+01 0.7663E+01
   17.33 0.6953E+01 0.6801E+01 0.6762E+01 0.6668E+01 0.6583E+01 0.6532E+01 0.6454E+01 0.6355E+01 0.6243E+01 0.6134E+01 0.6043E+01 0.5989E+01 0.5860E+01 0.5723E+01 0.5611E+01 0.6336E+01 0.6674E+01 0.7865E+01 0.8515E+01 0.9565E+01
   15.10 0.7897E+01 0.7677E+01 0.7624E+01 0.7496E+01 0.7386E+01 0.7320E+01 0.7222E+01 0.7102E+01 0.6970E+01 0.6847E+01 0.6745E+01 0.6688E+01 0.6557E+01 0.6441E+01 0.6524E+01 0.7622E+01 0.8095E+01 0.9837E+01 0.1100E+02 0.1203E+02
   12.86 0.8998E+01 0.8692E+01 0.8621E+01 0.8456E+01 0.8315E+01 0.8237E+01 0.8120E+01 0.7979E+01 0.7832E+01 0.7705E+01 0.7600E+01 0.7548E+01 0.7434E+01 0.7381E+01 0.7819E+01 0.9474E+01 0.1011E+02 0.1256E+02 0.1445E+02 0.1526E+02
   10.63 0.1032E+02 0.9906E+01 0.9816E+01 0.9614E+01 0.9451E+01 0.9359E+01 0.9231E+01 0.9089E+01 0.8945E+01 0.8833E+01 0.8750E+01 0.8715E+01 0.8670E+01 0.8760E+01 0.9842E+01 0.1235E+02 0.1318E+02 0.1653E+02 0.1939E+02 0.1962E+02
    8.39 0.1198E+02 0.1149E+02 0.1140E+02 0.1117E+02 0.1101E+02 0.1091E+02 0.1081E+02 0.1070E+02 0.1061E+02 0.1057E+02 0.1056E+02 0.1057E+02 0.1071E+02 0.1111E+02 0.1339E+02 0.1722E+02 0.1829E+02 0.2274E+02 0.2680E+02 0.2559E+02
    6.16 0.1453E+02 0.1403E+02 0.1396E+02 0.1379E+02 0.1372E+02 0.1368E+02 0.1367E+02 0.1373E+02 0.1383E+02 0.1401E+02 0.1422E+02 0.1435E+02 0.1491E+02 0.1602E+02 0.2052E+02 0.2654E+02 0.2780E+02 0.3345E+02 0.3883E+02 0.3432E+02
    3.93 0.2052E+02 0.2051E+02 0.2059E+02 0.2079E+02 0.2109E+02 0.2126E+02 0.2163E+02 0.2223E+02 0.2292E+02 0.2372E+02 0.2449E+02 0.2494E+02 0.2658E+02 0.2928E+02 0.3779E+02 0.4730E+02 0.4835E+02 0.5455E+02 0.6061E+02 0.4725E+02
    1.71 0.5616E+02 0.5853E+02 0.5916E+02 0.6068E+02 0.6211E+02 0.6295E+02 0.6446E+02 0.6650E+02 0.6862E+02 0.7089E+02 0.7272E+02 0.7365E+02 0.7726E+02 0.8269E+02 0.9322E+02 0.1042E+03 0.1017E+03 0.1012E+03 0.1014E+03 0.6055E+02
    0.00 0.4400E+03 0.3775E+03 0.3656E+03 0.3389E+03 0.3194E+03 0.3080E+03 0.2934E+03 0.2775E+03 0.2615E+03 0.2476E+03 0.2370E+03 0.2306E+03 0.2178E+03 0.2037E+03 0.1607E+03 0.1526E+03 0.1422E+03 0.1286E+03 0.1212E+03 0.6474E+02
