   TETA    0.3500     0.4000     0.4120     0.4430     0.4700     0.4880     0.5150     0.5500     0.5900     0.6330     0.6700     0.6940     0.7600     0.8600     1.2400     1.5360     1.6500     1.9500     2.2500     3.7500
  180.00 0.4021E+00 0.3762E+00 0.3733E+00 0.3635E+00 0.3631E+00 0.3566E+00 0.3502E+00 0.3496E+00 0.3491E+00 0.3440E+00 0.3517E+00 0.3534E+00 0.3579E+00 0.3626E+00 0.3264E+00 0.2703E+00 0.2609E+00 0.1796E+00 0.1387E+00 0.1179E+00
  178.29 0.3951E+00 0.3704E+00 0.3676E+00 0.3580E+00 0.3570E+00 0.3507E+00 0.3447E+00 0.3436E+00 0.3427E+00 0.3381E+00 0.3447E+00 0.3462E+00 0.3500E+00 0.3538E+00 0.3164E+00 0.2586E+00 0.2477E+00 0.1697E+00 0.1308E+00 0.1136E+00
  176.07 0.3754E+00 0.3561E+00 0.3540E+00 0.3464E+00 0.3454E+00 0.3400E+00 0.3358E+00 0.3341E+00 0.3347E+00 0.3317E+00 0.3371E+00 0.3377E+00 0.3421E+00 0.3455E+00 0.3079E+00 0.2446E+00 0.2279E+00 0.1539E+00 0.1231E+00 0.1055E+00
  173.84 0.3432E+00 0.3300E+00 0.3287E+00 0.3235E+00 0.3230E+00 0.3194E+00 0.3172E+00 0.3159E+00 0.3183E+00 0.3179E+00 0.3227E+00 0.3235E+00 0.3289E+00 0.3332E+00 0.3047E+00 0.2425E+00 0.2246E+00 0.1599E+00 0.1314E+00 0.1082E+00
  171.61 0.3104E+00 0.3010E+00 0.3002E+00 0.2971E+00 0.2974E+00 0.2959E+00 0.2945E+00 0.2944E+00 0.2976E+00 0.2985E+00 0.3036E+00 0.3058E+00 0.3111E+00 0.3165E+00 0.3030E+00 0.2504E+00 0.2349E+00 0.1733E+00 0.1343E+00 0.1159E+00
  169.37 0.2826E+00 0.2765E+00 0.2766E+00 0.2745E+00 0.2755E+00 0.2741E+00 0.2739E+00 0.2741E+00 0.2788E+00 0.2807E+00 0.2857E+00 0.2871E+00 0.2940E+00 0.3009E+00 0.3046E+00 0.2654E+00 0.2487E+00 0.1757E+00 0.1306E+00 0.1192E+00
  167.14 0.2628E+00 0.2588E+00 0.2593E+00 0.2577E+00 0.2584E+00 0.2572E+00 0.2580E+00 0.2575E+00 0.2630E+00 0.2660E+00 0.2701E+00 0.2708E+00 0.2788E+00 0.2879E+00 0.3094E+00 0.2779E+00 0.2541E+00 0.1701E+00 0.1257E+00 0.1179E+00
  164.90 0.2511E+00 0.2472E+00 0.2466E+00 0.2460E+00 0.2456E+00 0.2461E+00 0.2466E+00 0.2462E+00 0.2500E+00 0.2535E+00 0.2567E+00 0.2596E+00 0.2658E+00 0.2776E+00 0.3122E+00 0.2808E+00 0.2510E+00 0.1628E+00 0.1216E+00 0.1146E+00
  162.67 0.2438E+00 0.2385E+00 0.2377E+00 0.2369E+00 0.2371E+00 0.2377E+00 0.2374E+00 0.2379E+00 0.2406E+00 0.2429E+00 0.2469E+00 0.2506E+00 0.2557E+00 0.2684E+00 0.3081E+00 0.2760E+00 0.2439E+00 0.1562E+00 0.1183E+00 0.1109E+00
  160.43 0.2367E+00 0.2311E+00 0.2310E+00 0.2292E+00 0.2298E+00 0.2290E+00 0.2286E+00 0.2296E+00 0.2320E+00 0.2337E+00 0.2375E+00 0.2397E+00 0.2455E+00 0.2572E+00 0.2983E+00 0.2670E+00 0.2361E+00 0.1512E+00 0.1158E+00 0.1076E+00
  158.20 0.2293E+00 0.2247E+00 0.2243E+00 0.2225E+00 0.2223E+00 0.2213E+00 0.2212E+00 0.2204E+00 0.2233E+00 0.2249E+00 0.2275E+00 0.2288E+00 0.2340E+00 0.2436E+00 0.2838E+00 0.2568E+00 0.2292E+00 0.1472E+00 0.1137E+00 0.1048E+00
  155.96 0.2221E+00 0.2178E+00 0.2171E+00 0.2156E+00 0.2144E+00 0.2143E+00 0.2140E+00 0.2124E+00 0.2144E+00 0.2162E+00 0.2176E+00 0.2194E+00 0.2228E+00 0.2304E+00 0.2660E+00 0.2467E+00 0.2224E+00 0.1443E+00 0.1119E+00 0.1025E+00
  153.72 0.2146E+00 0.2101E+00 0.2095E+00 0.2080E+00 0.2075E+00 0.2072E+00 0.2064E+00 0.2056E+00 0.2070E+00 0.2077E+00 0.2097E+00 0.2111E+00 0.2137E+00 0.2198E+00 0.2489E+00 0.2355E+00 0.2157E+00 0.1424E+00 0.1103E+00 0.1007E+00
  151.49 0.2064E+00 0.2026E+00 0.2022E+00 0.2009E+00 0.2008E+00 0.2002E+00 0.1996E+00 0.1993E+00 0.2003E+00 0.2006E+00 0.2024E+00 0.2035E+00 0.2057E+00 0.2104E+00 0.2345E+00 0.2238E+00 0.2087E+00 0.1409E+00 0.1091E+00 0.9932E-01
  149.25 0.1984E+00 0.1957E+00 0.1952E+00 0.1944E+00 0.1941E+00 0.1939E+00 0.1935E+00 0.1930E+00 0.1940E+00 0.1946E+00 0.1960E+00 0.1971E+00 0.1986E+00 0.2021E+00 0.2221E+00 0.2121E+00 0.2009E+00 0.1401E+00 0.1081E+00 0.9818E-01
  147.02 0.1905E+00 0.1888E+00 0.1885E+00 0.1881E+00 0.1878E+00 0.1880E+00 0.1878E+00 0.1871E+00 0.1883E+00 0.1892E+00 0.1902E+00 0.1915E+00 0.1925E+00 0.1951E+00 0.2114E+00 0.2000E+00 0.1933E+00 0.1396E+00 0.1072E+00 0.9720E-01
  144.78 0.1833E+00 0.1823E+00 0.1822E+00 0.1821E+00 0.1822E+00 0.1824E+00 0.1824E+00 0.1821E+00 0.1833E+00 0.1842E+00 0.1853E+00 0.1866E+00 0.1875E+00 0.1895E+00 0.2025E+00 0.1890E+00 0.1851E+00 0.1391E+00 0.1065E+00 0.9633E-01
  142.55 0.1766E+00 0.1765E+00 0.1765E+00 0.1767E+00 0.1770E+00 0.1773E+00 0.1776E+00 0.1776E+00 0.1789E+00 0.1800E+00 0.1811E+00 0.1821E+00 0.1833E+00 0.1851E+00 0.1948E+00 0.1800E+00 0.1767E+00 0.1385E+00 0.1061E+00 0.9545E-01
  140.31 0.1708E+00 0.1712E+00 0.1713E+00 0.1719E+00 0.1725E+00 0.1729E+00 0.1732E+00 0.1737E+00 0.1751E+00 0.1761E+00 0.1776E+00 0.1785E+00 0.1799E+00 0.1814E+00 0.1885E+00 0.1718E+00 0.1690E+00 0.1376E+00 0.1058E+00 0.9450E-01
  138.07 0.1658E+00 0.1666E+00 0.1669E+00 0.1677E+00 0.1685E+00 0.1689E+00 0.1695E+00 0.1703E+00 0.1719E+00 0.1729E+00 0.1746E+00 0.1754E+00 0.1768E+00 0.1783E+00 0.1838E+00 0.1650E+00 0.1620E+00 0.1361E+00 0.1058E+00 0.9335E-01
  135.84 0.1616E+00 0.1629E+00 0.1631E+00 0.1643E+00 0.1651E+00 0.1659E+00 0.1666E+00 0.1674E+00 0.1690E+00 0.1704E+00 0.1718E+00 0.1731E+00 0.1742E+00 0.1755E+00 0.1800E+00 0.1592E+00 0.1563E+00 0.1339E+00 0.1058E+00 0.9204E-01
  133.60 0.1581E+00 0.1598E+00 0.1601E+00 0.1615E+00 0.1623E+00 0.1634E+00 0.1642E+00 0.1650E+00 0.1668E+00 0.1683E+00 0.1698E+00 0.1712E+00 0.1723E+00 0.1735E+00 0.1771E+00 0.1544E+00 0.1515E+00 0.1316E+00 0.1058E+00 0.9060E-01
  131.37 0.1555E+00 0.1574E+00 0.1578E+00 0.1593E+00 0.1602E+00 0.1615E+00 0.1624E+00 0.1634E+00 0.1651E+00 0.1669E+00 0.1682E+00 0.1699E+00 0.1709E+00 0.1721E+00 0.1748E+00 0.1509E+00 0.1473E+00 0.1290E+00 0.1056E+00 0.8919E-01
  129.13 0.1535E+00 0.1557E+00 0.1562E+00 0.1577E+00 0.1589E+00 0.1601E+00 0.1611E+00 0.1624E+00 0.1642E+00 0.1660E+00 0.1676E+00 0.1691E+00 0.1704E+00 0.1716E+00 0.1734E+00 0.1484E+00 0.1439E+00 0.1264E+00 0.1054E+00 0.8786E-01
  126.89 0.1521E+00 0.1546E+00 0.1553E+00 0.1569E+00 0.1584E+00 0.1593E+00 0.1605E+00 0.1619E+00 0.1641E+00 0.1658E+00 0.1677E+00 0.1687E+00 0.1705E+00 0.1717E+00 0.1725E+00 0.1464E+00 0.1415E+00 0.1239E+00 0.1050E+00 0.8659E-01
  124.66 0.1516E+00 0.1543E+00 0.1551E+00 0.1567E+00 0.1585E+00 0.1592E+00 0.1604E+00 0.1622E+00 0.1645E+00 0.1661E+00 0.1682E+00 0.1691E+00 0.1712E+00 0.1723E+00 0.1726E+00 0.1450E+00 0.1401E+00 0.1216E+00 0.1045E+00 0.8546E-01
  122.42 0.1517E+00 0.1549E+00 0.1556E+00 0.1574E+00 0.1590E+00 0.1600E+00 0.1614E+00 0.1630E+00 0.1652E+00 0.1673E+00 0.1691E+00 0.1701E+00 0.1722E+00 0.1733E+00 0.1733E+00 0.1445E+00 0.1392E+00 0.1196E+00 0.1039E+00 0.8450E-01
  120.19 0.1527E+00 0.1561E+00 0.1567E+00 0.1587E+00 0.1602E+00 0.1614E+00 0.1630E+00 0.1644E+00 0.1668E+00 0.1690E+00 0.1707E+00 0.1720E+00 0.1738E+00 0.1748E+00 0.1748E+00 0.1447E+00 0.1387E+00 0.1183E+00 0.1033E+00 0.8388E-01
  117.95 0.1545E+00 0.1580E+00 0.1587E+00 0.1608E+00 0.1623E+00 0.1636E+00 0.1651E+00 0.1667E+00 0.1690E+00 0.1714E+00 0.1730E+00 0.1746E+00 0.1763E+00 0.1773E+00 0.1769E+00 0.1456E+00 0.1390E+00 0.1176E+00 0.1029E+00 0.8358E-01
  115.71 0.1569E+00 0.1605E+00 0.1613E+00 0.1634E+00 0.1651E+00 0.1663E+00 0.1680E+00 0.1697E+00 0.1722E+00 0.1744E+00 0.1764E+00 0.1777E+00 0.1797E+00 0.1808E+00 0.1796E+00 0.1470E+00 0.1399E+00 0.1172E+00 0.1027E+00 0.8355E-01
  113.48 0.1601E+00 0.1638E+00 0.1647E+00 0.1668E+00 0.1688E+00 0.1698E+00 0.1715E+00 0.1736E+00 0.1761E+00 0.1784E+00 0.1805E+00 0.1816E+00 0.1839E+00 0.1849E+00 0.1831E+00 0.1489E+00 0.1418E+00 0.1172E+00 0.1028E+00 0.8385E-01
  111.24 0.1641E+00 0.1680E+00 0.1690E+00 0.1712E+00 0.1733E+00 0.1742E+00 0.1761E+00 0.1782E+00 0.1809E+00 0.1833E+00 0.1854E+00 0.1864E+00 0.1890E+00 0.1899E+00 0.1875E+00 0.1514E+00 0.1444E+00 0.1180E+00 0.1032E+00 0.8454E-01
  109.01 0.1691E+00 0.1730E+00 0.1740E+00 0.1763E+00 0.1785E+00 0.1796E+00 0.1815E+00 0.1838E+00 0.1865E+00 0.1889E+00 0.1911E+00 0.1923E+00 0.1948E+00 0.1958E+00 0.1928E+00 0.1551E+00 0.1474E+00 0.1194E+00 0.1042E+00 0.8571E-01
  106.77 0.1750E+00 0.1791E+00 0.1800E+00 0.1825E+00 0.1847E+00 0.1860E+00 0.1879E+00 0.1902E+00 0.1929E+00 0.1954E+00 0.1978E+00 0.1992E+00 0.2015E+00 0.2025E+00 0.1990E+00 0.1597E+00 0.1509E+00 0.1215E+00 0.1056E+00 0.8731E-01
  104.53 0.1817E+00 0.1861E+00 0.1871E+00 0.1897E+00 0.1920E+00 0.1933E+00 0.1953E+00 0.1978E+00 0.2007E+00 0.2032E+00 0.2057E+00 0.2070E+00 0.2096E+00 0.2106E+00 0.2060E+00 0.1648E+00 0.1556E+00 0.1241E+00 0.1075E+00 0.8933E-01
  102.30 0.1896E+00 0.1940E+00 0.1953E+00 0.1978E+00 0.2005E+00 0.2017E+00 0.2037E+00 0.2065E+00 0.2096E+00 0.2121E+00 0.2148E+00 0.2160E+00 0.2189E+00 0.2198E+00 0.2146E+00 0.1708E+00 0.1612E+00 0.1273E+00 0.1100E+00 0.9184E-01
  100.06 0.1986E+00 0.2033E+00 0.2045E+00 0.2073E+00 0.2100E+00 0.2113E+00 0.2135E+00 0.2164E+00 0.2195E+00 0.2223E+00 0.2250E+00 0.2264E+00 0.2291E+00 0.2301E+00 0.2243E+00 0.1781E+00 0.1674E+00 0.1316E+00 0.1131E+00 0.9500E-01
   97.83 0.2090E+00 0.2139E+00 0.2150E+00 0.2181E+00 0.2208E+00 0.2225E+00 0.2247E+00 0.2276E+00 0.2308E+00 0.2338E+00 0.2366E+00 0.2383E+00 0.2409E+00 0.2417E+00 0.2352E+00 0.1864E+00 0.1747E+00 0.1367E+00 0.1169E+00 0.9877E-01
   95.59 0.2206E+00 0.2258E+00 0.2270E+00 0.2303E+00 0.2331E+00 0.2349E+00 0.2373E+00 0.2405E+00 0.2437E+00 0.2469E+00 0.2497E+00 0.2516E+00 0.2542E+00 0.2551E+00 0.2475E+00 0.1959E+00 0.1833E+00 0.1424E+00 0.1214E+00 0.1032E+00
   93.35 0.2336E+00 0.2393E+00 0.2407E+00 0.2441E+00 0.2471E+00 0.2489E+00 0.2516E+00 0.2548E+00 0.2584E+00 0.2618E+00 0.2648E+00 0.2665E+00 0.2695E+00 0.2704E+00 0.2621E+00 0.2068E+00 0.1930E+00 0.1492E+00 0.1266E+00 0.1083E+00
   91.12 0.2484E+00 0.2546E+00 0.2561E+00 0.2598E+00 0.2628E+00 0.2648E+00 0.2676E+00 0.2709E+00 0.2749E+00 0.2785E+00 0.2816E+00 0.2833E+00 0.2865E+00 0.2872E+00 0.2786E+00 0.2191E+00 0.2039E+00 0.1572E+00 0.1328E+00 0.1143E+00
   90.00 0.2563E+00 0.2629E+00 0.2645E+00 0.2683E+00 0.2715E+00 0.2733E+00 0.2765E+00 0.2797E+00 0.2839E+00 0.2878E+00 0.2907E+00 0.2923E+00 0.2958E+00 0.2965E+00 0.2872E+00 0.2259E+00 0.2101E+00 0.1617E+00 0.1363E+00 0.1177E+00
   88.88 0.2649E+00 0.2719E+00 0.2734E+00 0.2774E+00 0.2804E+00 0.2826E+00 0.2857E+00 0.2889E+00 0.2933E+00 0.2975E+00 0.3003E+00 0.3021E+00 0.3055E+00 0.3062E+00 0.2962E+00 0.2329E+00 0.2167E+00 0.1665E+00 0.1400E+00 0.1213E+00
   86.65 0.2836E+00 0.2909E+00 0.2926E+00 0.2968E+00 0.3004E+00 0.3025E+00 0.3058E+00 0.3094E+00 0.3141E+00 0.3183E+00 0.3215E+00 0.3234E+00 0.3270E+00 0.3277E+00 0.3158E+00 0.2486E+00 0.2313E+00 0.1767E+00 0.1482E+00 0.1292E+00
   84.41 0.3047E+00 0.3122E+00 0.3141E+00 0.3186E+00 0.3227E+00 0.3248E+00 0.3282E+00 0.3327E+00 0.3373E+00 0.3415E+00 0.3453E+00 0.3471E+00 0.3511E+00 0.3519E+00 0.3381E+00 0.2662E+00 0.2477E+00 0.1886E+00 0.1575E+00 0.1384E+00
   82.17 0.3282E+00 0.3362E+00 0.3384E+00 0.3431E+00 0.3477E+00 0.3499E+00 0.3535E+00 0.3584E+00 0.3634E+00 0.3678E+00 0.3718E+00 0.3736E+00 0.3779E+00 0.3786E+00 0.3635E+00 0.2859E+00 0.2662E+00 0.2023E+00 0.1682E+00 0.1489E+00
   79.94 0.3544E+00 0.3636E+00 0.3658E+00 0.3711E+00 0.3755E+00 0.3781E+00 0.3822E+00 0.3868E+00 0.3923E+00 0.3974E+00 0.4012E+00 0.4032E+00 0.4075E+00 0.4080E+00 0.3915E+00 0.3082E+00 0.2872E+00 0.2177E+00 0.1804E+00 0.1610E+00
   77.70 0.3839E+00 0.3939E+00 0.3965E+00 0.4020E+00 0.4068E+00 0.4097E+00 0.4140E+00 0.4188E+00 0.4249E+00 0.4301E+00 0.4343E+00 0.4364E+00 0.4409E+00 0.4412E+00 0.4225E+00 0.3334E+00 0.3107E+00 0.2350E+00 0.1941E+00 0.1748E+00
   75.47 0.4168E+00 0.4279E+00 0.4308E+00 0.4365E+00 0.4422E+00 0.4446E+00 0.4494E+00 0.4549E+00 0.4616E+00 0.4668E+00 0.4715E+00 0.4730E+00 0.4784E+00 0.4786E+00 0.4571E+00 0.3617E+00 0.3370E+00 0.2548E+00 0.2097E+00 0.1906E+00
   73.23 0.4542E+00 0.4660E+00 0.4691E+00 0.4754E+00 0.4814E+00 0.4842E+00 0.4892E+00 0.4951E+00 0.5021E+00 0.5078E+00 0.5126E+00 0.5142E+00 0.5197E+00 0.5196E+00 0.4953E+00 0.3933E+00 0.3670E+00 0.2772E+00 0.2275E+00 0.2088E+00
   70.99 0.4962E+00 0.5086E+00 0.5118E+00 0.5188E+00 0.5253E+00 0.5286E+00 0.5337E+00 0.5404E+00 0.5473E+00 0.5530E+00 0.5584E+00 0.5606E+00 0.5657E+00 0.5653E+00 0.5373E+00 0.4289E+00 0.4007E+00 0.3025E+00 0.2476E+00 0.2296E+00
   68.76 0.5432E+00 0.5568E+00 0.5601E+00 0.5677E+00 0.5747E+00 0.5782E+00 0.5837E+00 0.5907E+00 0.5981E+00 0.6041E+00 0.6096E+00 0.6120E+00 0.6170E+00 0.6162E+00 0.5849E+00 0.4692E+00 0.4383E+00 0.3310E+00 0.2703E+00 0.2535E+00
   66.52 0.5959E+00 0.6108E+00 0.6143E+00 0.6226E+00 0.6301E+00 0.6338E+00 0.6397E+00 0.6472E+00 0.6548E+00 0.6610E+00 0.6667E+00 0.6691E+00 0.6742E+00 0.6729E+00 0.6380E+00 0.5139E+00 0.4807E+00 0.3639E+00 0.2964E+00 0.2813E+00
   64.29 0.6552E+00 0.6714E+00 0.6754E+00 0.6841E+00 0.6923E+00 0.6960E+00 0.7023E+00 0.7104E+00 0.7184E+00 0.7247E+00 0.7307E+00 0.7329E+00 0.7382E+00 0.7361E+00 0.6970E+00 0.5638E+00 0.5288E+00 0.4010E+00 0.3260E+00 0.3134E+00
   62.05 0.7222E+00 0.7399E+00 0.7440E+00 0.7535E+00 0.7619E+00 0.7663E+00 0.7729E+00 0.7809E+00 0.7892E+00 0.7960E+00 0.8017E+00 0.8042E+00 0.8088E+00 0.8058E+00 0.7616E+00 0.6204E+00 0.5825E+00 0.4429E+00 0.3598E+00 0.3504E+00
   59.81 0.7977E+00 0.8165E+00 0.8210E+00 0.8312E+00 0.8401E+00 0.8448E+00 0.8517E+00 0.8605E+00 0.8684E+00 0.8753E+00 0.8810E+00 0.8840E+00 0.8876E+00 0.8834E+00 0.8334E+00 0.6840E+00 0.6427E+00 0.4911E+00 0.3985E+00 0.3938E+00
   57.58 0.8825E+00 0.9033E+00 0.9081E+00 0.9190E+00 0.9282E+00 0.9330E+00 0.9400E+00 0.9485E+00 0.9579E+00 0.9647E+00 0.9700E+00 0.9722E+00 0.9756E+00 0.9702E+00 0.9135E+00 0.7551E+00 0.7111E+00 0.5462E+00 0.4432E+00 0.4443E+00
   55.34 0.9786E+00 0.1001E+01 0.1005E+01 0.1018E+01 0.1027E+01 0.1032E+01 0.1040E+01 0.1048E+01 0.1057E+01 0.1064E+01 0.1069E+01 0.1071E+01 0.1074E+01 0.1066E+01 0.1002E+01 0.8346E+00 0.7886E+00 0.6094E+00 0.4945E+00 0.5037E+00
   53.11 0.1087E+01 0.1112E+01 0.1117E+01 0.1128E+01 0.1138E+01 0.1144E+01 0.1151E+01 0.1159E+01 0.1168E+01 0.1175E+01 0.1179E+01 0.1182E+01 0.1183E+01 0.1173E+01 0.1100E+01 0.9244E+00 0.8760E+00 0.6823E+00 0.5544E+00 0.5737E+00
   50.87 0.1210E+01 0.1236E+01 0.1241E+01 0.1254E+01 0.1262E+01 0.1270E+01 0.1278E+01 0.1284E+01 0.1292E+01 0.1299E+01 0.1302E+01 0.1305E+01 0.1303E+01 0.1291E+01 0.1209E+01 0.1026E+01 0.9737E+00 0.7661E+00 0.6242E+00 0.6562E+00
   48.63 0.1349E+01 0.1376E+01 0.1381E+01 0.1395E+01 0.1403E+01 0.1410E+01 0.1418E+01 0.1424E+01 0.1431E+01 0.1438E+01 0.1439E+01 0.1442E+01 0.1438E+01 0.1422E+01 0.1331E+01 0.1140E+01 0.1085E+01 0.8635E+00 0.7059E+00 0.7546E+00
   46.40 0.1506E+01 0.1534E+01 0.1539E+01 0.1553E+01 0.1561E+01 0.1569E+01 0.1576E+01 0.1583E+01 0.1588E+01 0.1593E+01 0.1593E+01 0.1595E+01 0.1588E+01 0.1568E+01 0.1463E+01 0.1267E+01 0.1213E+01 0.9774E+00 0.8027E+00 0.8719E+00
   44.16 0.1683E+01 0.1712E+01 0.1718E+01 0.1731E+01 0.1741E+01 0.1746E+01 0.1752E+01 0.1759E+01 0.1763E+01 0.1765E+01 0.1765E+01 0.1764E+01 0.1756E+01 0.1732E+01 0.1609E+01 0.1411E+01 0.1357E+01 0.1110E+01 0.9175E+00 0.1013E+01
   41.93 0.1884E+01 0.1914E+01 0.1919E+01 0.1932E+01 0.1940E+01 0.1946E+01 0.1951E+01 0.1956E+01 0.1957E+01 0.1957E+01 0.1955E+01 0.1954E+01 0.1940E+01 0.1910E+01 0.1773E+01 0.1576E+01 0.1521E+01 0.1265E+01 0.1055E+01 0.1183E+01
   39.69 0.2112E+01 0.2143E+01 0.2147E+01 0.2159E+01 0.2165E+01 0.2170E+01 0.2174E+01 0.2176E+01 0.2175E+01 0.2173E+01 0.2166E+01 0.2163E+01 0.2144E+01 0.2109E+01 0.1955E+01 0.1762E+01 0.1708E+01 0.1450E+01 0.1221E+01 0.1388E+01
   37.45 0.2372E+01 0.2399E+01 0.2403E+01 0.2414E+01 0.2418E+01 0.2423E+01 0.2424E+01 0.2423E+01 0.2418E+01 0.2411E+01 0.2402E+01 0.2397E+01 0.2372E+01 0.2328E+01 0.2156E+01 0.1971E+01 0.1923E+01 0.1669E+01 0.1424E+01 0.1640E+01
   35.22 0.2664E+01 0.2689E+01 0.2693E+01 0.2701E+01 0.2703E+01 0.2705E+01 0.2704E+01 0.2698E+01 0.2690E+01 0.2678E+01 0.2664E+01 0.2655E+01 0.2624E+01 0.2570E+01 0.2377E+01 0.2209E+01 0.2170E+01 0.1931E+01 0.1672E+01 0.1948E+01
   32.98 0.2997E+01 0.3018E+01 0.3019E+01 0.3023E+01 0.3021E+01 0.3022E+01 0.3017E+01 0.3007E+01 0.2991E+01 0.2973E+01 0.2953E+01 0.2942E+01 0.2901E+01 0.2837E+01 0.2622E+01 0.2481E+01 0.2456E+01 0.2246E+01 0.1980E+01 0.2327E+01
   30.75 0.3375E+01 0.3387E+01 0.3386E+01 0.3385E+01 0.3379E+01 0.3376E+01 0.3365E+01 0.3350E+01 0.3326E+01 0.3299E+01 0.3274E+01 0.3260E+01 0.3208E+01 0.3134E+01 0.2897E+01 0.2795E+01 0.2787E+01 0.2627E+01 0.2365E+01 0.2797E+01
   28.51 0.3801E+01 0.3804E+01 0.3802E+01 0.3793E+01 0.3781E+01 0.3771E+01 0.3755E+01 0.3731E+01 0.3700E+01 0.3663E+01 0.3631E+01 0.3609E+01 0.3549E+01 0.3460E+01 0.3206E+01 0.3157E+01 0.3173E+01 0.3094E+01 0.2853E+01 0.3382E+01
   26.28 0.4288E+01 0.4275E+01 0.4268E+01 0.4250E+01 0.4227E+01 0.4215E+01 0.4191E+01 0.4156E+01 0.4112E+01 0.4065E+01 0.4021E+01 0.3996E+01 0.3920E+01 0.3819E+01 0.3553E+01 0.3576E+01 0.3631E+01 0.3667E+01 0.3475E+01 0.4115E+01
   24.04 0.4838E+01 0.4804E+01 0.4794E+01 0.4762E+01 0.4730E+01 0.4709E+01 0.4674E+01 0.4627E+01 0.4571E+01 0.4510E+01 0.4457E+01 0.4423E+01 0.4335E+01 0.4219E+01 0.3949E+01 0.4075E+01 0.4176E+01 0.4379E+01 0.4277E+01 0.5037E+01
   21.80 0.5466E+01 0.5402E+01 0.5384E+01 0.5336E+01 0.5290E+01 0.5260E+01 0.5213E+01 0.5152E+01 0.5079E+01 0.5003E+01 0.4938E+01 0.4897E+01 0.4794E+01 0.4667E+01 0.4411E+01 0.4678E+01 0.4840E+01 0.5274E+01 0.5322E+01 0.6202E+01
   19.57 0.6181E+01 0.6078E+01 0.6050E+01 0.5981E+01 0.5916E+01 0.5878E+01 0.5815E+01 0.5735E+01 0.5643E+01 0.5552E+01 0.5472E+01 0.5426E+01 0.5307E+01 0.5172E+01 0.4964E+01 0.5425E+01 0.5663E+01 0.6413E+01 0.6697E+01 0.7689E+01
   17.33 0.6998E+01 0.6841E+01 0.6803E+01 0.6706E+01 0.6621E+01 0.6568E+01 0.6489E+01 0.6390E+01 0.6278E+01 0.6169E+01 0.6078E+01 0.6025E+01 0.5897E+01 0.5764E+01 0.5663E+01 0.6388E+01 0.6719E+01 0.7893E+01 0.8534E+01 0.9593E+01
   15.10 0.7935E+01 0.7713E+01 0.7660E+01 0.7530E+01 0.7420E+01 0.7352E+01 0.7253E+01 0.7133E+01 0.7002E+01 0.6879E+01 0.6779E+01 0.6720E+01 0.6594E+01 0.6483E+01 0.6581E+01 0.7679E+01 0.8143E+01 0.9869E+01 0.1103E+02 0.1205E+02
   12.86 0.9030E+01 0.8722E+01 0.8651E+01 0.8484E+01 0.8343E+01 0.8264E+01 0.8148E+01 0.8007E+01 0.7861E+01 0.7735E+01 0.7631E+01 0.7579E+01 0.7469E+01 0.7420E+01 0.7876E+01 0.9532E+01 0.1016E+02 0.1259E+02 0.1448E+02 0.1529E+02
   10.63 0.1033E+02 0.9925E+01 0.9845E+01 0.9636E+01 0.9475E+01 0.9382E+01 0.9254E+01 0.9114E+01 0.8969E+01 0.8858E+01 0.8778E+01 0.8744E+01 0.8702E+01 0.8797E+01 0.9900E+01 0.1241E+02 0.1323E+02 0.1655E+02 0.1941E+02 0.1963E+02
    8.39 0.1200E+02 0.1151E+02 0.1141E+02 0.1119E+02 0.1102E+02 0.1093E+02 0.1082E+02 0.1072E+02 0.1063E+02 0.1060E+02 0.1059E+02 0.1060E+02 0.1074E+02 0.1115E+02 0.1344E+02 0.1727E+02 0.1834E+02 0.2276E+02 0.2682E+02 0.2559E+02
    6.16 0.1455E+02 0.1405E+02 0.1397E+02 0.1382E+02 0.1374E+02 0.1369E+02 0.1369E+02 0.1375E+02 0.1385E+02 0.1403E+02 0.1424E+02 0.1437E+02 0.1494E+02 0.1605E+02 0.2055E+02 0.2658E+02 0.2784E+02 0.3347E+02 0.3884E+02 0.3433E+02
    3.93 0.2053E+02 0.2053E+02 0.2061E+02 0.2080E+02 0.2111E+02 0.2128E+02 0.2165E+02 0.2224E+02 0.2294E+02 0.2374E+02 0.2451E+02 0.2496E+02 0.2660E+02 0.2930E+02 0.3781E+02 0.4731E+02 0.4837E+02 0.5455E+02 0.6061E+02 0.4725E+02
    1.71 0.5617E+02 0.5854E+02 0.5917E+02 0.6069E+02 0.6211E+02 0.6296E+02 0.6448E+02 0.6651E+02 0.6863E+02 0.7089E+02 0.7272E+02 0.7365E+02 0.7729E+02 0.8269E+02 0.9326E+02 0.1042E+03 0.1017E+03 0.1012E+03 0.1014E+03 0.6055E+02
    0.00 0.4400E+03 0.3775E+03 0.3656E+03 0.3389E+03 0.3194E+03 0.3080E+03 0.2934E+03 0.2775E+03 0.2615E+03 0.2476E+03 0.2370E+03 0.2306E+03 0.2178E+03 0.2037E+03 0.1607E+03 0.1526E+03 0.1422E+03 0.1286E+03 0.1212E+03 0.6474E+02
