   TETA    0.3500     0.4000     0.4120     0.4430     0.4700     0.4880     0.5150     0.5500     0.5900     0.6330     0.6700     0.6940     0.7600     0.8600     1.2400     1.5360     1.6500     1.9500     2.2500     3.7500
  180.00 0.6690E+00 0.6046E+00 0.6727E+00 0.5913E+00 0.6984E+00 0.5603E+00 0.5691E+00 0.5136E+00 0.5688E+00 0.5765E+00 0.5080E+00 0.5024E+00 0.4900E+00 0.4792E+00 0.3913E+00 0.3012E+00 0.2845E+00 0.2291E+00 0.1370E+00 0.2150E+00
  178.29 0.5466E+00 0.5164E+00 0.5766E+00 0.5184E+00 0.5619E+00 0.4805E+00 0.4834E+00 0.4485E+00 0.4731E+00 0.4760E+00 0.4410E+00 0.4342E+00 0.4162E+00 0.4068E+00 0.3411E+00 0.2725E+00 0.2584E+00 0.2106E+00 0.1297E+00 0.2064E+00
  176.07 0.5077E+00 0.4654E+00 0.4755E+00 0.4573E+00 0.4817E+00 0.4475E+00 0.4363E+00 0.4258E+00 0.4175E+00 0.3994E+00 0.3936E+00 0.3842E+00 0.3761E+00 0.3613E+00 0.2764E+00 0.2290E+00 0.2170E+00 0.1807E+00 0.1140E+00 0.1854E+00
  173.84 0.4366E+00 0.4059E+00 0.4212E+00 0.4033E+00 0.4461E+00 0.3981E+00 0.3883E+00 0.3776E+00 0.3895E+00 0.3582E+00 0.3553E+00 0.3536E+00 0.3415E+00 0.3330E+00 0.2646E+00 0.2123E+00 0.2004E+00 0.1726E+00 0.1116E+00 0.1763E+00
  171.61 0.3691E+00 0.3752E+00 0.3808E+00 0.3814E+00 0.3815E+00 0.3692E+00 0.3766E+00 0.3440E+00 0.3549E+00 0.3525E+00 0.3306E+00 0.3474E+00 0.3227E+00 0.3181E+00 0.2813E+00 0.2216E+00 0.2111E+00 0.1846E+00 0.1224E+00 0.1820E+00
  169.37 0.3418E+00 0.3550E+00 0.3602E+00 0.3599E+00 0.3593E+00 0.3465E+00 0.3632E+00 0.3293E+00 0.3496E+00 0.3473E+00 0.3378E+00 0.3479E+00 0.3285E+00 0.3305E+00 0.2966E+00 0.2379E+00 0.2290E+00 0.2015E+00 0.1339E+00 0.1963E+00
  167.14 0.3185E+00 0.3251E+00 0.3375E+00 0.3334E+00 0.3422E+00 0.3270E+00 0.3375E+00 0.3209E+00 0.3292E+00 0.3341E+00 0.3256E+00 0.3316E+00 0.3209E+00 0.3196E+00 0.2936E+00 0.2475E+00 0.2366E+00 0.2069E+00 0.1383E+00 0.2097E+00
  164.90 0.2992E+00 0.3005E+00 0.3107E+00 0.3055E+00 0.3159E+00 0.3064E+00 0.3101E+00 0.3076E+00 0.3072E+00 0.3145E+00 0.3046E+00 0.3090E+00 0.3055E+00 0.3040E+00 0.2797E+00 0.2439E+00 0.2331E+00 0.2039E+00 0.1366E+00 0.2162E+00
  162.67 0.2843E+00 0.2846E+00 0.2923E+00 0.2889E+00 0.2958E+00 0.2907E+00 0.2946E+00 0.2906E+00 0.2954E+00 0.2933E+00 0.2920E+00 0.2906E+00 0.2900E+00 0.2944E+00 0.2648E+00 0.2336E+00 0.2237E+00 0.1962E+00 0.1321E+00 0.2174E+00
  160.43 0.2777E+00 0.2799E+00 0.2781E+00 0.2797E+00 0.2783E+00 0.2845E+00 0.2840E+00 0.2767E+00 0.2789E+00 0.2812E+00 0.2784E+00 0.2837E+00 0.2790E+00 0.2749E+00 0.2542E+00 0.2226E+00 0.2133E+00 0.1874E+00 0.1270E+00 0.2143E+00
  158.20 0.2698E+00 0.2733E+00 0.2779E+00 0.2762E+00 0.2781E+00 0.2729E+00 0.2794E+00 0.2676E+00 0.2754E+00 0.2734E+00 0.2689E+00 0.2752E+00 0.2665E+00 0.2676E+00 0.2487E+00 0.2130E+00 0.2040E+00 0.1807E+00 0.1224E+00 0.2077E+00
  155.96 0.2787E+00 0.2678E+00 0.2725E+00 0.2695E+00 0.2730E+00 0.2686E+00 0.2708E+00 0.2727E+00 0.2730E+00 0.2677E+00 0.2722E+00 0.2673E+00 0.2671E+00 0.2626E+00 0.2389E+00 0.2083E+00 0.1992E+00 0.1746E+00 0.1185E+00 0.1978E+00
  153.72 0.2798E+00 0.2720E+00 0.2746E+00 0.2733E+00 0.2779E+00 0.2687E+00 0.2725E+00 0.2730E+00 0.2671E+00 0.2659E+00 0.2653E+00 0.2653E+00 0.2621E+00 0.2550E+00 0.2317E+00 0.2030E+00 0.1942E+00 0.1690E+00 0.1152E+00 0.1867E+00
  151.49 0.2779E+00 0.2752E+00 0.2745E+00 0.2794E+00 0.2761E+00 0.2695E+00 0.2759E+00 0.2640E+00 0.2684E+00 0.2610E+00 0.2607E+00 0.2594E+00 0.2549E+00 0.2532E+00 0.2233E+00 0.1956E+00 0.1879E+00 0.1640E+00 0.1122E+00 0.1759E+00
  149.25 0.2752E+00 0.2687E+00 0.2643E+00 0.2601E+00 0.2641E+00 0.2662E+00 0.2608E+00 0.2602E+00 0.2595E+00 0.2512E+00 0.2567E+00 0.2525E+00 0.2494E+00 0.2417E+00 0.2134E+00 0.1874E+00 0.1808E+00 0.1576E+00 0.1093E+00 0.1654E+00
  147.02 0.2420E+00 0.2445E+00 0.2430E+00 0.2436E+00 0.2431E+00 0.2417E+00 0.2421E+00 0.2368E+00 0.2377E+00 0.2343E+00 0.2340E+00 0.2350E+00 0.2286E+00 0.2221E+00 0.2018E+00 0.1757E+00 0.1707E+00 0.1506E+00 0.1059E+00 0.1556E+00
  144.78 0.1895E+00 0.2071E+00 0.2082E+00 0.2095E+00 0.2040E+00 0.2072E+00 0.2100E+00 0.2001E+00 0.2012E+00 0.2121E+00 0.2001E+00 0.2079E+00 0.1980E+00 0.1963E+00 0.1864E+00 0.1624E+00 0.1588E+00 0.1430E+00 0.1023E+00 0.1461E+00
  142.55 0.1573E+00 0.1678E+00 0.1686E+00 0.1723E+00 0.1718E+00 0.1731E+00 0.1751E+00 0.1727E+00 0.1766E+00 0.1800E+00 0.1778E+00 0.1783E+00 0.1757E+00 0.1763E+00 0.1684E+00 0.1506E+00 0.1474E+00 0.1346E+00 0.9855E-01 0.1373E+00
  140.31 0.1372E+00 0.1443E+00 0.1453E+00 0.1481E+00 0.1479E+00 0.1503E+00 0.1511E+00 0.1501E+00 0.1531E+00 0.1562E+00 0.1547E+00 0.1583E+00 0.1566E+00 0.1565E+00 0.1524E+00 0.1382E+00 0.1366E+00 0.1255E+00 0.9466E-01 0.1297E+00
  138.07 0.1202E+00 0.1280E+00 0.1271E+00 0.1309E+00 0.1293E+00 0.1329E+00 0.1351E+00 0.1335E+00 0.1352E+00 0.1373E+00 0.1386E+00 0.1405E+00 0.1392E+00 0.1400E+00 0.1373E+00 0.1280E+00 0.1272E+00 0.1169E+00 0.9088E-01 0.1231E+00
  135.84 0.1121E+00 0.1149E+00 0.1127E+00 0.1167E+00 0.1184E+00 0.1194E+00 0.1202E+00 0.1228E+00 0.1245E+00 0.1245E+00 0.1277E+00 0.1262E+00 0.1283E+00 0.1293E+00 0.1251E+00 0.1191E+00 0.1184E+00 0.1101E+00 0.8742E-01 0.1176E+00
  133.60 0.1041E+00 0.1074E+00 0.1080E+00 0.1107E+00 0.1103E+00 0.1107E+00 0.1130E+00 0.1111E+00 0.1144E+00 0.1163E+00 0.1163E+00 0.1175E+00 0.1180E+00 0.1183E+00 0.1180E+00 0.1099E+00 0.1094E+00 0.1038E+00 0.8410E-01 0.1132E+00
  131.37 0.9917E-01 0.1027E+00 0.1035E+00 0.1045E+00 0.1025E+00 0.1058E+00 0.1062E+00 0.1055E+00 0.1066E+00 0.1095E+00 0.1093E+00 0.1110E+00 0.1103E+00 0.1100E+00 0.1114E+00 0.1035E+00 0.1033E+00 0.9824E-01 0.8114E-01 0.1096E+00
  129.13 0.9533E-01 0.9846E-01 0.9991E-01 0.1010E+00 0.9954E-01 0.1014E+00 0.1025E+00 0.1027E+00 0.1024E+00 0.1040E+00 0.1038E+00 0.1057E+00 0.1048E+00 0.1047E+00 0.1057E+00 0.9924E-01 0.9869E-01 0.9375E-01 0.7863E-01 0.1066E+00
  126.89 0.9477E-01 0.9587E-01 0.9649E-01 0.9652E-01 0.9757E-01 0.9881E-01 0.9907E-01 0.9956E-01 0.1002E+00 0.1015E+00 0.1018E+00 0.1027E+00 0.1028E+00 0.1016E+00 0.1012E+00 0.9545E-01 0.9468E-01 0.9026E-01 0.7669E-01 0.1046E+00
  124.66 0.9271E-01 0.9487E-01 0.9645E-01 0.9590E-01 0.9763E-01 0.9733E-01 0.9724E-01 0.9744E-01 0.9918E-01 0.1005E+00 0.9959E-01 0.1004E+00 0.9939E-01 0.9976E-01 0.9873E-01 0.9241E-01 0.9170E-01 0.8795E-01 0.7530E-01 0.1033E+00
  122.42 0.9403E-01 0.9543E-01 0.9558E-01 0.9716E-01 0.9898E-01 0.9743E-01 0.9863E-01 0.9722E-01 0.1001E+00 0.9898E-01 0.9957E-01 0.9996E-01 0.9958E-01 0.9908E-01 0.9675E-01 0.9013E-01 0.8974E-01 0.8635E-01 0.7434E-01 0.1026E+00
  120.19 0.9522E-01 0.9787E-01 0.9509E-01 0.9701E-01 0.9945E-01 0.9956E-01 0.9926E-01 0.9901E-01 0.1001E+00 0.9856E-01 0.1005E+00 0.1014E+00 0.9932E-01 0.9904E-01 0.9555E-01 0.8887E-01 0.8824E-01 0.8517E-01 0.7370E-01 0.1024E+00
  117.95 0.9787E-01 0.9905E-01 0.9937E-01 0.1010E+00 0.1002E+00 0.9960E-01 0.1014E+00 0.9965E-01 0.1007E+00 0.1002E+00 0.1007E+00 0.1012E+00 0.9960E-01 0.9877E-01 0.9652E-01 0.8854E-01 0.8743E-01 0.8451E-01 0.7349E-01 0.1030E+00
  115.71 0.1004E+00 0.1013E+00 0.1022E+00 0.1040E+00 0.1016E+00 0.1018E+00 0.1037E+00 0.1020E+00 0.1036E+00 0.1013E+00 0.1023E+00 0.1023E+00 0.1016E+00 0.1003E+00 0.9693E-01 0.8889E-01 0.8790E-01 0.8433E-01 0.7385E-01 0.1042E+00
  113.48 0.1041E+00 0.1059E+00 0.1052E+00 0.1070E+00 0.1040E+00 0.1063E+00 0.1068E+00 0.1048E+00 0.1041E+00 0.1040E+00 0.1051E+00 0.1061E+00 0.1035E+00 0.1014E+00 0.9767E-01 0.8934E-01 0.8855E-01 0.8504E-01 0.7468E-01 0.1060E+00
  111.24 0.1064E+00 0.1088E+00 0.1102E+00 0.1091E+00 0.1097E+00 0.1082E+00 0.1090E+00 0.1053E+00 0.1080E+00 0.1084E+00 0.1068E+00 0.1069E+00 0.1052E+00 0.1041E+00 0.1002E+00 0.8974E-01 0.8902E-01 0.8674E-01 0.7589E-01 0.1082E+00
  109.01 0.1097E+00 0.1113E+00 0.1132E+00 0.1124E+00 0.1149E+00 0.1102E+00 0.1119E+00 0.1090E+00 0.1120E+00 0.1119E+00 0.1089E+00 0.1094E+00 0.1078E+00 0.1068E+00 0.1023E+00 0.9124E-01 0.9048E-01 0.8830E-01 0.7747E-01 0.1110E+00
  106.77 0.1137E+00 0.1149E+00 0.1164E+00 0.1154E+00 0.1150E+00 0.1138E+00 0.1159E+00 0.1128E+00 0.1133E+00 0.1141E+00 0.1120E+00 0.1128E+00 0.1107E+00 0.1084E+00 0.1044E+00 0.9455E-01 0.9315E-01 0.8977E-01 0.7953E-01 0.1146E+00
  104.53 0.1180E+00 0.1173E+00 0.1204E+00 0.1201E+00 0.1206E+00 0.1165E+00 0.1195E+00 0.1172E+00 0.1179E+00 0.1181E+00 0.1165E+00 0.1154E+00 0.1151E+00 0.1133E+00 0.1068E+00 0.9759E-01 0.9630E-01 0.9271E-01 0.8225E-01 0.1189E+00
  102.30 0.1221E+00 0.1199E+00 0.1251E+00 0.1220E+00 0.1276E+00 0.1195E+00 0.1211E+00 0.1215E+00 0.1246E+00 0.1234E+00 0.1213E+00 0.1188E+00 0.1202E+00 0.1189E+00 0.1106E+00 0.1006E+00 0.9984E-01 0.9654E-01 0.8552E-01 0.1238E+00
  100.06 0.1263E+00 0.1252E+00 0.1302E+00 0.1269E+00 0.1310E+00 0.1260E+00 0.1273E+00 0.1259E+00 0.1291E+00 0.1273E+00 0.1265E+00 0.1243E+00 0.1246E+00 0.1235E+00 0.1154E+00 0.1049E+00 0.1034E+00 0.1003E+00 0.8921E-01 0.1296E+00
   97.83 0.1320E+00 0.1329E+00 0.1338E+00 0.1339E+00 0.1362E+00 0.1340E+00 0.1337E+00 0.1329E+00 0.1336E+00 0.1331E+00 0.1317E+00 0.1323E+00 0.1297E+00 0.1280E+00 0.1199E+00 0.1101E+00 0.1082E+00 0.1046E+00 0.9356E-01 0.1364E+00
   95.59 0.1414E+00 0.1389E+00 0.1404E+00 0.1398E+00 0.1440E+00 0.1394E+00 0.1398E+00 0.1413E+00 0.1434E+00 0.1396E+00 0.1406E+00 0.1376E+00 0.1387E+00 0.1363E+00 0.1258E+00 0.1159E+00 0.1144E+00 0.1105E+00 0.9881E-01 0.1440E+00
   93.35 0.1498E+00 0.1472E+00 0.1506E+00 0.1469E+00 0.1527E+00 0.1476E+00 0.1481E+00 0.1494E+00 0.1509E+00 0.1481E+00 0.1491E+00 0.1454E+00 0.1462E+00 0.1448E+00 0.1336E+00 0.1226E+00 0.1208E+00 0.1168E+00 0.1048E+00 0.1530E+00
   91.12 0.1588E+00 0.1590E+00 0.1588E+00 0.1601E+00 0.1589E+00 0.1604E+00 0.1602E+00 0.1581E+00 0.1574E+00 0.1573E+00 0.1561E+00 0.1580E+00 0.1542E+00 0.1503E+00 0.1426E+00 0.1299E+00 0.1276E+00 0.1236E+00 0.1116E+00 0.1635E+00
   90.00 0.1619E+00 0.1665E+00 0.1655E+00 0.1684E+00 0.1631E+00 0.1673E+00 0.1678E+00 0.1631E+00 0.1615E+00 0.1628E+00 0.1595E+00 0.1646E+00 0.1575E+00 0.1540E+00 0.1475E+00 0.1341E+00 0.1317E+00 0.1277E+00 0.1153E+00 0.1691E+00
   88.88 0.1705E+00 0.1700E+00 0.1703E+00 0.1716E+00 0.1726E+00 0.1697E+00 0.1718E+00 0.1700E+00 0.1695E+00 0.1677E+00 0.1669E+00 0.1683E+00 0.1645E+00 0.1614E+00 0.1524E+00 0.1388E+00 0.1363E+00 0.1322E+00 0.1194E+00 0.1750E+00
   86.65 0.1827E+00 0.1810E+00 0.1837E+00 0.1814E+00 0.1874E+00 0.1821E+00 0.1820E+00 0.1818E+00 0.1842E+00 0.1823E+00 0.1816E+00 0.1783E+00 0.1784E+00 0.1760E+00 0.1621E+00 0.1493E+00 0.1469E+00 0.1426E+00 0.1287E+00 0.1876E+00
   84.41 0.1972E+00 0.1984E+00 0.1983E+00 0.2004E+00 0.1997E+00 0.1990E+00 0.2002E+00 0.1966E+00 0.1970E+00 0.1950E+00 0.1944E+00 0.1947E+00 0.1923E+00 0.1877E+00 0.1748E+00 0.1607E+00 0.1585E+00 0.1537E+00 0.1391E+00 0.2024E+00
   82.17 0.2118E+00 0.2155E+00 0.2175E+00 0.2172E+00 0.2164E+00 0.2170E+00 0.2166E+00 0.2113E+00 0.2113E+00 0.2132E+00 0.2084E+00 0.2117E+00 0.2054E+00 0.2018E+00 0.1914E+00 0.1739E+00 0.1709E+00 0.1663E+00 0.1510E+00 0.2196E+00
   79.94 0.2326E+00 0.2336E+00 0.2376E+00 0.2359E+00 0.2389E+00 0.2326E+00 0.2362E+00 0.2312E+00 0.2341E+00 0.2313E+00 0.2294E+00 0.2282E+00 0.2252E+00 0.2218E+00 0.2078E+00 0.1888E+00 0.1861E+00 0.1818E+00 0.1649E+00 0.2390E+00
   77.70 0.2544E+00 0.2558E+00 0.2562E+00 0.2569E+00 0.2629E+00 0.2553E+00 0.2566E+00 0.2530E+00 0.2563E+00 0.2538E+00 0.2510E+00 0.2503E+00 0.2472E+00 0.2427E+00 0.2247E+00 0.2068E+00 0.2041E+00 0.1987E+00 0.1807E+00 0.2609E+00
   75.47 0.2780E+00 0.2834E+00 0.2851E+00 0.2851E+00 0.2826E+00 0.2821E+00 0.2850E+00 0.2775E+00 0.2772E+00 0.2774E+00 0.2728E+00 0.2762E+00 0.2682E+00 0.2627E+00 0.2485E+00 0.2272E+00 0.2236E+00 0.2175E+00 0.1987E+00 0.2859E+00
   73.23 0.3071E+00 0.3102E+00 0.3132E+00 0.3100E+00 0.3117E+00 0.3102E+00 0.3108E+00 0.3043E+00 0.3078E+00 0.3062E+00 0.3012E+00 0.3021E+00 0.2945E+00 0.2901E+00 0.2732E+00 0.2496E+00 0.2459E+00 0.2406E+00 0.2195E+00 0.3141E+00
   70.99 0.3435E+00 0.3396E+00 0.3435E+00 0.3418E+00 0.3512E+00 0.3367E+00 0.3405E+00 0.3392E+00 0.3445E+00 0.3375E+00 0.3358E+00 0.3301E+00 0.3300E+00 0.3247E+00 0.2994E+00 0.2765E+00 0.2736E+00 0.2670E+00 0.2437E+00 0.3461E+00
   68.76 0.3784E+00 0.3789E+00 0.3798E+00 0.3784E+00 0.3823E+00 0.3768E+00 0.3780E+00 0.3754E+00 0.3770E+00 0.3711E+00 0.3709E+00 0.3662E+00 0.3637E+00 0.3567E+00 0.3306E+00 0.3079E+00 0.3041E+00 0.2961E+00 0.2714E+00 0.3832E+00
   66.52 0.4212E+00 0.4240E+00 0.4225E+00 0.4230E+00 0.4216E+00 0.4213E+00 0.4225E+00 0.4169E+00 0.4131E+00 0.4130E+00 0.4084E+00 0.4111E+00 0.3998E+00 0.3913E+00 0.3691E+00 0.3418E+00 0.3373E+00 0.3296E+00 0.3032E+00 0.4264E+00
   64.29 0.4621E+00 0.4684E+00 0.4746E+00 0.4715E+00 0.4733E+00 0.4651E+00 0.4694E+00 0.4575E+00 0.4641E+00 0.4613E+00 0.4520E+00 0.4523E+00 0.4427E+00 0.4371E+00 0.4127E+00 0.3816E+00 0.3768E+00 0.3696E+00 0.3402E+00 0.4752E+00
   62.05 0.5215E+00 0.5221E+00 0.5270E+00 0.5237E+00 0.5255E+00 0.5188E+00 0.5216E+00 0.5145E+00 0.5172E+00 0.5129E+00 0.5102E+00 0.5018E+00 0.4993E+00 0.4889E+00 0.4584E+00 0.4284E+00 0.4244E+00 0.4154E+00 0.3833E+00 0.5306E+00
   59.81 0.5828E+00 0.5857E+00 0.5841E+00 0.5840E+00 0.5843E+00 0.5858E+00 0.5825E+00 0.5796E+00 0.5758E+00 0.5672E+00 0.5678E+00 0.5649E+00 0.5557E+00 0.5452E+00 0.5102E+00 0.4829E+00 0.4782E+00 0.4675E+00 0.4332E+00 0.5950E+00
   57.58 0.6534E+00 0.6599E+00 0.6570E+00 0.6575E+00 0.6514E+00 0.6533E+00 0.6555E+00 0.6436E+00 0.6394E+00 0.6372E+00 0.6316E+00 0.6332E+00 0.6207E+00 0.6060E+00 0.5766E+00 0.5439E+00 0.5380E+00 0.5285E+00 0.4914E+00 0.6694E+00
   55.34 0.7283E+00 0.7347E+00 0.7360E+00 0.7351E+00 0.7309E+00 0.7293E+00 0.7320E+00 0.7216E+00 0.7219E+00 0.7144E+00 0.7096E+00 0.7050E+00 0.6934E+00 0.6837E+00 0.6502E+00 0.6147E+00 0.6096E+00 0.6006E+00 0.5599E+00 0.7551E+00
   53.11 0.8315E+00 0.8171E+00 0.8242E+00 0.8175E+00 0.8248E+00 0.8141E+00 0.8130E+00 0.8166E+00 0.8118E+00 0.8059E+00 0.8020E+00 0.7872E+00 0.7886E+00 0.7700E+00 0.7294E+00 0.6976E+00 0.6942E+00 0.6839E+00 0.6400E+00 0.8541E+00
   50.87 0.9216E+00 0.9343E+00 0.9266E+00 0.9304E+00 0.9206E+00 0.9265E+00 0.9253E+00 0.9129E+00 0.9046E+00 0.8982E+00 0.8908E+00 0.8983E+00 0.8778E+00 0.8601E+00 0.8253E+00 0.7958E+00 0.7904E+00 0.7797E+00 0.7340E+00 0.9696E+00
   48.63 0.1045E+01 0.1054E+01 0.1040E+01 0.1042E+01 0.1027E+01 0.1046E+01 0.1039E+01 0.1029E+01 0.1018E+01 0.1007E+01 0.1008E+01 0.1014E+01 0.9911E+00 0.9726E+00 0.9395E+00 0.9077E+00 0.9025E+00 0.8933E+00 0.8452E+00 0.1104E+01
   46.40 0.1177E+01 0.1174E+01 0.1176E+01 0.1175E+01 0.1167E+01 0.1165E+01 0.1167E+01 0.1158E+01 0.1145E+01 0.1151E+01 0.1134E+01 0.1132E+01 0.1118E+01 0.1099E+01 0.1069E+01 0.1036E+01 0.1035E+01 0.1029E+01 0.9771E+00 0.1259E+01
   44.16 0.1332E+01 0.1330E+01 0.1323E+01 0.1323E+01 0.1314E+01 0.1319E+01 0.1314E+01 0.1309E+01 0.1296E+01 0.1290E+01 0.1286E+01 0.1281E+01 0.1274E+01 0.1250E+01 0.1214E+01 0.1192E+01 0.1192E+01 0.1189E+01 0.1134E+01 0.1440E+01
   41.93 0.1512E+01 0.1491E+01 0.1487E+01 0.1481E+01 0.1484E+01 0.1487E+01 0.1472E+01 0.1484E+01 0.1464E+01 0.1458E+01 0.1456E+01 0.1447E+01 0.1440E+01 0.1420E+01 0.1386E+01 0.1374E+01 0.1376E+01 0.1373E+01 0.1320E+01 0.1651E+01
   39.69 0.1698E+01 0.1701E+01 0.1677E+01 0.1683E+01 0.1660E+01 0.1690E+01 0.1676E+01 0.1674E+01 0.1648E+01 0.1641E+01 0.1642E+01 0.1650E+01 0.1629E+01 0.1608E+01 0.1589E+01 0.1588E+01 0.1590E+01 0.1594E+01 0.1544E+01 0.1900E+01
   37.45 0.1927E+01 0.1919E+01 0.1904E+01 0.1907E+01 0.1883E+01 0.1901E+01 0.1897E+01 0.1886E+01 0.1860E+01 0.1871E+01 0.1853E+01 0.1870E+01 0.1847E+01 0.1824E+01 0.1833E+01 0.1834E+01 0.1841E+01 0.1859E+01 0.1811E+01 0.2192E+01
   35.22 0.2171E+01 0.2164E+01 0.2149E+01 0.2144E+01 0.2141E+01 0.2154E+01 0.2130E+01 0.2140E+01 0.2118E+01 0.2115E+01 0.2114E+01 0.2113E+01 0.2106E+01 0.2094E+01 0.2106E+01 0.2133E+01 0.2148E+01 0.2176E+01 0.2135E+01 0.2533E+01
   32.98 0.2460E+01 0.2436E+01 0.2438E+01 0.2422E+01 0.2419E+01 0.2428E+01 0.2408E+01 0.2432E+01 0.2416E+01 0.2402E+01 0.2414E+01 0.2395E+01 0.2406E+01 0.2402E+01 0.2430E+01 0.2489E+01 0.2514E+01 0.2553E+01 0.2526E+01 0.2932E+01
   30.75 0.2803E+01 0.2753E+01 0.2733E+01 0.2735E+01 0.2744E+01 0.2744E+01 0.2722E+01 0.2765E+01 0.2737E+01 0.2724E+01 0.2741E+01 0.2727E+01 0.2750E+01 0.2744E+01 0.2810E+01 0.2916E+01 0.2947E+01 0.3005E+01 0.2999E+01 0.3405E+01
   28.51 0.3145E+01 0.3144E+01 0.3116E+01 0.3126E+01 0.3102E+01 0.3133E+01 0.3106E+01 0.3124E+01 0.3106E+01 0.3088E+01 0.3116E+01 0.3121E+01 0.3127E+01 0.3145E+01 0.3283E+01 0.3417E+01 0.3458E+01 0.3551E+01 0.3576E+01 0.3964E+01
   26.28 0.3578E+01 0.3545E+01 0.3555E+01 0.3543E+01 0.3529E+01 0.3544E+01 0.3521E+01 0.3550E+01 0.3546E+01 0.3543E+01 0.3575E+01 0.3550E+01 0.3600E+01 0.3638E+01 0.3839E+01 0.4018E+01 0.4084E+01 0.4216E+01 0.4284E+01 0.4625E+01
   24.04 0.4060E+01 0.4033E+01 0.4027E+01 0.4023E+01 0.4028E+01 0.4027E+01 0.4015E+01 0.4053E+01 0.4052E+01 0.4055E+01 0.4085E+01 0.4079E+01 0.4146E+01 0.4207E+01 0.4494E+01 0.4766E+01 0.4855E+01 0.5023E+01 0.5153E+01 0.5406E+01
   21.80 0.4616E+01 0.4574E+01 0.4594E+01 0.4583E+01 0.4610E+01 0.4567E+01 0.4582E+01 0.4642E+01 0.4671E+01 0.4672E+01 0.4727E+01 0.4676E+01 0.4803E+01 0.4921E+01 0.5306E+01 0.5681E+01 0.5795E+01 0.6021E+01 0.6231E+01 0.6331E+01
   19.57 0.5294E+01 0.5230E+01 0.5248E+01 0.5248E+01 0.5294E+01 0.5254E+01 0.5262E+01 0.5357E+01 0.5396E+01 0.5401E+01 0.5493E+01 0.5445E+01 0.5619E+01 0.5775E+01 0.6326E+01 0.6815E+01 0.6962E+01 0.7252E+01 0.7575E+01 0.7443E+01
   17.33 0.6060E+01 0.6092E+01 0.6071E+01 0.6099E+01 0.6099E+01 0.6162E+01 0.6163E+01 0.6212E+01 0.6265E+01 0.6328E+01 0.6428E+01 0.6487E+01 0.6619E+01 0.6836E+01 0.7654E+01 0.8243E+01 0.8425E+01 0.8799E+01 0.9273E+01 0.8785E+01
   15.10 0.7032E+01 0.7124E+01 0.7144E+01 0.7173E+01 0.7193E+01 0.7252E+01 0.7312E+01 0.7354E+01 0.7474E+01 0.7623E+01 0.7688E+01 0.7806E+01 0.7972E+01 0.8306E+01 0.9405E+01 0.1012E+02 0.1034E+02 0.1080E+02 0.1145E+02 0.1042E+02
   12.86 0.8453E+01 0.8551E+01 0.8583E+01 0.8675E+01 0.8708E+01 0.8791E+01 0.8904E+01 0.9072E+01 0.9208E+01 0.9452E+01 0.9567E+01 0.9679E+01 0.9989E+01 0.1044E+02 0.1181E+02 0.1270E+02 0.1294E+02 0.1346E+02 0.1432E+02 0.1240E+02
   10.63 0.1059E+02 0.1079E+02 0.1080E+02 0.1103E+02 0.1118E+02 0.1131E+02 0.1146E+02 0.1178E+02 0.1201E+02 0.1227E+02 0.1258E+02 0.1267E+02 0.1318E+02 0.1376E+02 0.1537E+02 0.1641E+02 0.1663E+02 0.1711E+02 0.1820E+02 0.1490E+02
    8.39 0.1440E+02 0.1486E+02 0.1507E+02 0.1537E+02 0.1570E+02 0.1584E+02 0.1613E+02 0.1658E+02 0.1705E+02 0.1750E+02 0.1787E+02 0.1800E+02 0.1867E+02 0.1947E+02 0.2110E+02 0.2203E+02 0.2213E+02 0.2240E+02 0.2367E+02 0.1809E+02
    6.16 0.2315E+02 0.2432E+02 0.2450E+02 0.2517E+02 0.2555E+02 0.2607E+02 0.2653E+02 0.2723E+02 0.2778E+02 0.2842E+02 0.2888E+02 0.2915E+02 0.2982E+02 0.3052E+02 0.3126E+02 0.3141E+02 0.3111E+02 0.3056E+02 0.3183E+02 0.2229E+02
    3.93 0.5053E+02 0.5292E+02 0.5334E+02 0.5427E+02 0.5480E+02 0.5547E+02 0.5599E+02 0.5633E+02 0.5665E+02 0.5704E+02 0.5695E+02 0.5744E+02 0.5683E+02 0.5629E+02 0.5197E+02 0.4881E+02 0.4721E+02 0.4431E+02 0.4480E+02 0.2775E+02
    1.71 0.1999E+03 0.1950E+03 0.1941E+03 0.1902E+03 0.1870E+03 0.1834E+03 0.1804E+03 0.1742E+03 0.1693E+03 0.1642E+03 0.1580E+03 0.1552E+03 0.1462E+03 0.1351E+03 0.1017E+03 0.8474E+02 0.7880E+02 0.6829E+02 0.6470E+02 0.3291E+02
    0.00 0.1115E+04 0.8938E+03 0.8520E+03 0.7534E+03 0.6903E+03 0.6466E+03 0.5914E+03 0.5324E+03 0.4757E+03 0.4258E+03 0.3874E+03 0.3661E+03 0.3167E+03 0.2610E+03 0.1489E+03 0.1103E+03 0.9907E+02 0.8077E+02 0.7353E+02 0.3449E+02
