          83
   Wlgth  Nor_Ext_Co  Nor_Sca_Co  Sg_Sca_Alb  Asymm_Para  Extinct_Co  Scatter_Co
    0.3500     1.1386        1.1229        0.9862        0.7393     0.4066E-01  0.4010E-01
    0.4000     1.1001        1.0866        0.9877        0.7392     0.3928E-01  0.3880E-01
    0.4120     1.0930        1.0799        0.9881        0.7382     0.3903E-01  0.3856E-01
    0.4430     1.0698        1.0578        0.9888        0.7385     0.3820E-01  0.3777E-01
    0.4700     1.0518        1.0407        0.9894        0.7382     0.3756E-01  0.3716E-01
    0.4880     1.0380        1.0273        0.9897        0.7398     0.3706E-01  0.3668E-01
    0.5150     1.0238        1.0132        0.9897        0.7390     0.3656E-01  0.3618E-01
    0.5500     1.0000        0.9890        0.9890        0.7423     0.3571E-01  0.3532E-01
    0.5900     0.9825        0.9724        0.9898        0.7417     0.3508E-01  0.3472E-01
    0.6330     0.9653        0.9551        0.9894        0.7427     0.3447E-01  0.3410E-01
    0.6700     0.9480        0.9381        0.9895        0.7438     0.3385E-01  0.3350E-01
    0.6940     0.9421        0.9326        0.9899        0.7440     0.3364E-01  0.3330E-01
    0.7600     0.9171        0.9063        0.9882        0.7466     0.3275E-01  0.3236E-01
    0.8600     0.8884        0.8768        0.9869        0.7502     0.3172E-01  0.3131E-01
    1.2400     0.8190        0.8029        0.9803        0.7608     0.2925E-01  0.2867E-01
    1.5360     0.7607        0.7382        0.9704        0.7752     0.2716E-01  0.2636E-01
    1.6500     0.7441        0.7253        0.9748        0.7779     0.2657E-01  0.2590E-01
    1.9500     0.7161        0.6753        0.9430        0.7850     0.2557E-01  0.2411E-01
    2.2500     0.6532        0.5786        0.8859        0.8091     0.2332E-01  0.2066E-01
    3.7500     0.5504        0.5348        0.9716        0.7465     0.1965E-01  0.1910E-01


                    Phase Function 
   TETA    0.3500     0.4000     0.4120     0.4430     0.4700     0.4880     0.5150     0.5500     0.5900     0.6330     0.6700     0.6940     0.7600     0.8600     1.2400     1.5360     1.6500     1.9500     2.2500     3.7500
  180.00 0.6690E+00 0.6046E+00 0.6727E+00 0.5913E+00 0.6984E+00 0.5603E+00 0.5691E+00 0.5136E+00 0.5688E+00 0.5765E+00 0.5080E+00 0.5024E+00 0.4900E+00 0.4792E+00 0.3913E+00 0.3012E+00 0.2845E+00 0.2291E+00 0.1370E+00 0.2150E+00
  178.29 0.5466E+00 0.5164E+00 0.5766E+00 0.5184E+00 0.5619E+00 0.4805E+00 0.4834E+00 0.4485E+00 0.4731E+00 0.4760E+00 0.4410E+00 0.4342E+00 0.4162E+00 0.4068E+00 0.3411E+00 0.2725E+00 0.2584E+00 0.2106E+00 0.1297E+00 0.2064E+00
  176.07 0.5077E+00 0.4654E+00 0.4755E+00 0.4573E+00 0.4817E+00 0.4475E+00 0.4363E+00 0.4258E+00 0.4175E+00 0.3994E+00 0.3936E+00 0.3842E+00 0.3761E+00 0.3613E+00 0.2764E+00 0.2290E+00 0.2170E+00 0.1807E+00 0.1140E+00 0.1854E+00
  173.84 0.4366E+00 0.4059E+00 0.4212E+00 0.4033E+00 0.4461E+00 0.3981E+00 0.3883E+00 0.3776E+00 0.3895E+00 0.3582E+00 0.3553E+00 0.3536E+00 0.3415E+00 0.3330E+00 0.2646E+00 0.2123E+00 0.2004E+00 0.1726E+00 0.1116E+00 0.1763E+00
  171.61 0.3691E+00 0.3752E+00 0.3808E+00 0.3814E+00 0.3815E+00 0.3692E+00 0.3766E+00 0.3440E+00 0.3549E+00 0.3525E+00 0.3306E+00 0.3474E+00 0.3227E+00 0.3181E+00 0.2813E+00 0.2216E+00 0.2111E+00 0.1846E+00 0.1224E+00 0.1820E+00
  169.37 0.3418E+00 0.3550E+00 0.3602E+00 0.3599E+00 0.3593E+00 0.3465E+00 0.3632E+00 0.3293E+00 0.3496E+00 0.3473E+00 0.3378E+00 0.3479E+00 0.3285E+00 0.3305E+00 0.2966E+00 0.2379E+00 0.2290E+00 0.2015E+00 0.1339E+00 0.1963E+00
  167.14 0.3185E+00 0.3251E+00 0.3375E+00 0.3334E+00 0.3422E+00 0.3270E+00 0.3375E+00 0.3209E+00 0.3292E+00 0.3341E+00 0.3256E+00 0.3316E+00 0.3209E+00 0.3196E+00 0.2936E+00 0.2475E+00 0.2366E+00 0.2069E+00 0.1383E+00 0.2097E+00
  164.90 0.2992E+00 0.3005E+00 0.3107E+00 0.3055E+00 0.3159E+00 0.3064E+00 0.3101E+00 0.3076E+00 0.3072E+00 0.3145E+00 0.3046E+00 0.3090E+00 0.3055E+00 0.3040E+00 0.2797E+00 0.2439E+00 0.2331E+00 0.2039E+00 0.1366E+00 0.2162E+00
  162.67 0.2843E+00 0.2846E+00 0.2923E+00 0.2889E+00 0.2958E+00 0.2907E+00 0.2946E+00 0.2906E+00 0.2954E+00 0.2933E+00 0.2920E+00 0.2906E+00 0.2900E+00 0.2944E+00 0.2648E+00 0.2336E+00 0.2237E+00 0.1962E+00 0.1321E+00 0.2174E+00
  160.43 0.2777E+00 0.2799E+00 0.2781E+00 0.2797E+00 0.2783E+00 0.2845E+00 0.2840E+00 0.2767E+00 0.2789E+00 0.2812E+00 0.2784E+00 0.2837E+00 0.2790E+00 0.2749E+00 0.2542E+00 0.2226E+00 0.2133E+00 0.1874E+00 0.1270E+00 0.2143E+00
  158.20 0.2698E+00 0.2733E+00 0.2779E+00 0.2762E+00 0.2781E+00 0.2729E+00 0.2794E+00 0.2676E+00 0.2754E+00 0.2734E+00 0.2689E+00 0.2752E+00 0.2665E+00 0.2676E+00 0.2487E+00 0.2130E+00 0.2040E+00 0.1807E+00 0.1224E+00 0.2077E+00
  155.96 0.2787E+00 0.2678E+00 0.2725E+00 0.2695E+00 0.2730E+00 0.2686E+00 0.2708E+00 0.2727E+00 0.2730E+00 0.2677E+00 0.2722E+00 0.2673E+00 0.2671E+00 0.2626E+00 0.2389E+00 0.2083E+00 0.1992E+00 0.1746E+00 0.1185E+00 0.1978E+00
  153.72 0.2798E+00 0.2720E+00 0.2746E+00 0.2733E+00 0.2779E+00 0.2687E+00 0.2725E+00 0.2730E+00 0.2671E+00 0.2659E+00 0.2653E+00 0.2653E+00 0.2621E+00 0.2550E+00 0.2317E+00 0.2030E+00 0.1942E+00 0.1690E+00 0.1152E+00 0.1867E+00
  151.49 0.2779E+00 0.2752E+00 0.2745E+00 0.2794E+00 0.2761E+00 0.2695E+00 0.2759E+00 0.2640E+00 0.2684E+00 0.2610E+00 0.2607E+00 0.2594E+00 0.2549E+00 0.2532E+00 0.2233E+00 0.1956E+00 0.1879E+00 0.1640E+00 0.1122E+00 0.1759E+00
  149.25 0.2752E+00 0.2687E+00 0.2643E+00 0.2601E+00 0.2641E+00 0.2662E+00 0.2608E+00 0.2602E+00 0.2595E+00 0.2512E+00 0.2567E+00 0.2525E+00 0.2494E+00 0.2417E+00 0.2134E+00 0.1874E+00 0.1808E+00 0.1576E+00 0.1093E+00 0.1654E+00
  147.02 0.2420E+00 0.2445E+00 0.2430E+00 0.2436E+00 0.2431E+00 0.2417E+00 0.2421E+00 0.2368E+00 0.2377E+00 0.2343E+00 0.2340E+00 0.2350E+00 0.2286E+00 0.2221E+00 0.2018E+00 0.1757E+00 0.1707E+00 0.1506E+00 0.1059E+00 0.1556E+00
  144.78 0.1895E+00 0.2071E+00 0.2082E+00 0.2095E+00 0.2040E+00 0.2072E+00 0.2100E+00 0.2001E+00 0.2012E+00 0.2121E+00 0.2001E+00 0.2079E+00 0.1980E+00 0.1963E+00 0.1864E+00 0.1624E+00 0.1588E+00 0.1430E+00 0.1023E+00 0.1461E+00
  142.55 0.1573E+00 0.1678E+00 0.1686E+00 0.1723E+00 0.1718E+00 0.1731E+00 0.1751E+00 0.1727E+00 0.1766E+00 0.1800E+00 0.1778E+00 0.1783E+00 0.1757E+00 0.1763E+00 0.1684E+00 0.1506E+00 0.1474E+00 0.1346E+00 0.9855E-01 0.1373E+00
  140.31 0.1372E+00 0.1443E+00 0.1453E+00 0.1481E+00 0.1479E+00 0.1503E+00 0.1511E+00 0.1501E+00 0.1531E+00 0.1562E+00 0.1547E+00 0.1583E+00 0.1566E+00 0.1565E+00 0.1524E+00 0.1382E+00 0.1366E+00 0.1255E+00 0.9466E-01 0.1297E+00
  138.07 0.1202E+00 0.1280E+00 0.1271E+00 0.1309E+00 0.1293E+00 0.1329E+00 0.1351E+00 0.1335E+00 0.1352E+00 0.1373E+00 0.1386E+00 0.1405E+00 0.1392E+00 0.1400E+00 0.1373E+00 0.1280E+00 0.1272E+00 0.1169E+00 0.9088E-01 0.1231E+00
  135.84 0.1121E+00 0.1149E+00 0.1127E+00 0.1167E+00 0.1184E+00 0.1194E+00 0.1202E+00 0.1228E+00 0.1245E+00 0.1245E+00 0.1277E+00 0.1262E+00 0.1283E+00 0.1293E+00 0.1251E+00 0.1191E+00 0.1184E+00 0.1101E+00 0.8742E-01 0.1176E+00
  133.60 0.1041E+00 0.1074E+00 0.1080E+00 0.1107E+00 0.1103E+00 0.1107E+00 0.1130E+00 0.1111E+00 0.1144E+00 0.1163E+00 0.1163E+00 0.1175E+00 0.1180E+00 0.1183E+00 0.1180E+00 0.1099E+00 0.1094E+00 0.1038E+00 0.8410E-01 0.1132E+00
  131.37 0.9917E-01 0.1027E+00 0.1035E+00 0.1045E+00 0.1025E+00 0.1058E+00 0.1062E+00 0.1055E+00 0.1066E+00 0.1095E+00 0.1093E+00 0.1110E+00 0.1103E+00 0.1100E+00 0.1114E+00 0.1035E+00 0.1033E+00 0.9824E-01 0.8114E-01 0.1096E+00
  129.13 0.9533E-01 0.9846E-01 0.9991E-01 0.1010E+00 0.9954E-01 0.1014E+00 0.1025E+00 0.1027E+00 0.1024E+00 0.1040E+00 0.1038E+00 0.1057E+00 0.1048E+00 0.1047E+00 0.1057E+00 0.9924E-01 0.9869E-01 0.9375E-01 0.7863E-01 0.1066E+00
  126.89 0.9477E-01 0.9587E-01 0.9649E-01 0.9652E-01 0.9757E-01 0.9881E-01 0.9907E-01 0.9956E-01 0.1002E+00 0.1015E+00 0.1018E+00 0.1027E+00 0.1028E+00 0.1016E+00 0.1012E+00 0.9545E-01 0.9468E-01 0.9026E-01 0.7669E-01 0.1046E+00
  124.66 0.9271E-01 0.9487E-01 0.9645E-01 0.9590E-01 0.9763E-01 0.9733E-01 0.9724E-01 0.9744E-01 0.9918E-01 0.1005E+00 0.9959E-01 0.1004E+00 0.9939E-01 0.9976E-01 0.9873E-01 0.9241E-01 0.9170E-01 0.8795E-01 0.7530E-01 0.1033E+00
  122.42 0.9403E-01 0.9543E-01 0.9558E-01 0.9716E-01 0.9898E-01 0.9743E-01 0.9863E-01 0.9722E-01 0.1001E+00 0.9898E-01 0.9957E-01 0.9996E-01 0.9958E-01 0.9908E-01 0.9675E-01 0.9013E-01 0.8974E-01 0.8635E-01 0.7434E-01 0.1026E+00
  120.19 0.9522E-01 0.9787E-01 0.9509E-01 0.9701E-01 0.9945E-01 0.9956E-01 0.9926E-01 0.9901E-01 0.1001E+00 0.9856E-01 0.1005E+00 0.1014E+00 0.9932E-01 0.9904E-01 0.9555E-01 0.8887E-01 0.8824E-01 0.8517E-01 0.7370E-01 0.1024E+00
  117.95 0.9787E-01 0.9905E-01 0.9937E-01 0.1010E+00 0.1002E+00 0.9960E-01 0.1014E+00 0.9965E-01 0.1007E+00 0.1002E+00 0.1007E+00 0.1012E+00 0.9960E-01 0.9877E-01 0.9652E-01 0.8854E-01 0.8743E-01 0.8451E-01 0.7349E-01 0.1030E+00
  115.71 0.1004E+00 0.1013E+00 0.1022E+00 0.1040E+00 0.1016E+00 0.1018E+00 0.1037E+00 0.1020E+00 0.1036E+00 0.1013E+00 0.1023E+00 0.1023E+00 0.1016E+00 0.1003E+00 0.9693E-01 0.8889E-01 0.8790E-01 0.8433E-01 0.7385E-01 0.1042E+00
  113.48 0.1041E+00 0.1059E+00 0.1052E+00 0.1070E+00 0.1040E+00 0.1063E+00 0.1068E+00 0.1048E+00 0.1041E+00 0.1040E+00 0.1051E+00 0.1061E+00 0.1035E+00 0.1014E+00 0.9767E-01 0.8934E-01 0.8855E-01 0.8504E-01 0.7468E-01 0.1060E+00
  111.24 0.1064E+00 0.1088E+00 0.1102E+00 0.1091E+00 0.1097E+00 0.1082E+00 0.1090E+00 0.1053E+00 0.1080E+00 0.1084E+00 0.1068E+00 0.1069E+00 0.1052E+00 0.1041E+00 0.1002E+00 0.8974E-01 0.8902E-01 0.8674E-01 0.7589E-01 0.1082E+00
  109.01 0.1097E+00 0.1113E+00 0.1132E+00 0.1124E+00 0.1149E+00 0.1102E+00 0.1119E+00 0.1090E+00 0.1120E+00 0.1119E+00 0.1089E+00 0.1094E+00 0.1078E+00 0.1068E+00 0.1023E+00 0.9124E-01 0.9048E-01 0.8830E-01 0.7747E-01 0.1110E+00
  106.77 0.1137E+00 0.1149E+00 0.1164E+00 0.1154E+00 0.1150E+00 0.1138E+00 0.1159E+00 0.1128E+00 0.1133E+00 0.1141E+00 0.1120E+00 0.1128E+00 0.1107E+00 0.1084E+00 0.1044E+00 0.9455E-01 0.9315E-01 0.8977E-01 0.7953E-01 0.1146E+00
  104.53 0.1180E+00 0.1173E+00 0.1204E+00 0.1201E+00 0.1206E+00 0.1165E+00 0.1195E+00 0.1172E+00 0.1179E+00 0.1181E+00 0.1165E+00 0.1154E+00 0.1151E+00 0.1133E+00 0.1068E+00 0.9759E-01 0.9630E-01 0.9271E-01 0.8225E-01 0.1189E+00
  102.30 0.1221E+00 0.1199E+00 0.1251E+00 0.1220E+00 0.1276E+00 0.1195E+00 0.1211E+00 0.1215E+00 0.1246E+00 0.1234E+00 0.1213E+00 0.1188E+00 0.1202E+00 0.1189E+00 0.1106E+00 0.1006E+00 0.9984E-01 0.9654E-01 0.8552E-01 0.1238E+00
  100.06 0.1263E+00 0.1252E+00 0.1302E+00 0.1269E+00 0.1310E+00 0.1260E+00 0.1273E+00 0.1259E+00 0.1291E+00 0.1273E+00 0.1265E+00 0.1243E+00 0.1246E+00 0.1235E+00 0.1154E+00 0.1049E+00 0.1034E+00 0.1003E+00 0.8921E-01 0.1296E+00
   97.83 0.1320E+00 0.1329E+00 0.1338E+00 0.1339E+00 0.1362E+00 0.1340E+00 0.1337E+00 0.1329E+00 0.1336E+00 0.1331E+00 0.1317E+00 0.1323E+00 0.1297E+00 0.1280E+00 0.1199E+00 0.1101E+00 0.1082E+00 0.1046E+00 0.9356E-01 0.1364E+00
   95.59 0.1414E+00 0.1389E+00 0.1404E+00 0.1398E+00 0.1440E+00 0.1394E+00 0.1398E+00 0.1413E+00 0.1434E+00 0.1396E+00 0.1406E+00 0.1376E+00 0.1387E+00 0.1363E+00 0.1258E+00 0.1159E+00 0.1144E+00 0.1105E+00 0.9881E-01 0.1440E+00
   93.35 0.1498E+00 0.1472E+00 0.1506E+00 0.1469E+00 0.1527E+00 0.1476E+00 0.1481E+00 0.1494E+00 0.1509E+00 0.1481E+00 0.1491E+00 0.1454E+00 0.1462E+00 0.1448E+00 0.1336E+00 0.1226E+00 0.1208E+00 0.1168E+00 0.1048E+00 0.1530E+00
   91.12 0.1588E+00 0.1590E+00 0.1588E+00 0.1601E+00 0.1589E+00 0.1604E+00 0.1602E+00 0.1581E+00 0.1574E+00 0.1573E+00 0.1561E+00 0.1580E+00 0.1542E+00 0.1503E+00 0.1426E+00 0.1299E+00 0.1276E+00 0.1236E+00 0.1116E+00 0.1635E+00
   90.00 0.1619E+00 0.1665E+00 0.1655E+00 0.1684E+00 0.1631E+00 0.1673E+00 0.1678E+00 0.1631E+00 0.1615E+00 0.1628E+00 0.1595E+00 0.1646E+00 0.1575E+00 0.1540E+00 0.1475E+00 0.1341E+00 0.1317E+00 0.1277E+00 0.1153E+00 0.1691E+00
   88.88 0.1705E+00 0.1700E+00 0.1703E+00 0.1716E+00 0.1726E+00 0.1697E+00 0.1718E+00 0.1700E+00 0.1695E+00 0.1677E+00 0.1669E+00 0.1683E+00 0.1645E+00 0.1614E+00 0.1524E+00 0.1388E+00 0.1363E+00 0.1322E+00 0.1194E+00 0.1750E+00
   86.65 0.1827E+00 0.1810E+00 0.1837E+00 0.1814E+00 0.1874E+00 0.1821E+00 0.1820E+00 0.1818E+00 0.1842E+00 0.1823E+00 0.1816E+00 0.1783E+00 0.1784E+00 0.1760E+00 0.1621E+00 0.1493E+00 0.1469E+00 0.1426E+00 0.1287E+00 0.1876E+00
   84.41 0.1972E+00 0.1984E+00 0.1983E+00 0.2004E+00 0.1997E+00 0.1990E+00 0.2002E+00 0.1966E+00 0.1970E+00 0.1950E+00 0.1944E+00 0.1947E+00 0.1923E+00 0.1877E+00 0.1748E+00 0.1607E+00 0.1585E+00 0.1537E+00 0.1391E+00 0.2024E+00
   82.17 0.2118E+00 0.2155E+00 0.2175E+00 0.2172E+00 0.2164E+00 0.2170E+00 0.2166E+00 0.2113E+00 0.2113E+00 0.2132E+00 0.2084E+00 0.2117E+00 0.2054E+00 0.2018E+00 0.1914E+00 0.1739E+00 0.1709E+00 0.1663E+00 0.1510E+00 0.2196E+00
   79.94 0.2326E+00 0.2336E+00 0.2376E+00 0.2359E+00 0.2389E+00 0.2326E+00 0.2362E+00 0.2312E+00 0.2341E+00 0.2313E+00 0.2294E+00 0.2282E+00 0.2252E+00 0.2218E+00 0.2078E+00 0.1888E+00 0.1861E+00 0.1818E+00 0.1649E+00 0.2390E+00
   77.70 0.2544E+00 0.2558E+00 0.2562E+00 0.2569E+00 0.2629E+00 0.2553E+00 0.2566E+00 0.2530E+00 0.2563E+00 0.2538E+00 0.2510E+00 0.2503E+00 0.2472E+00 0.2427E+00 0.2247E+00 0.2068E+00 0.2041E+00 0.1987E+00 0.1807E+00 0.2609E+00
   75.47 0.2780E+00 0.2834E+00 0.2851E+00 0.2851E+00 0.2826E+00 0.2821E+00 0.2850E+00 0.2775E+00 0.2772E+00 0.2774E+00 0.2728E+00 0.2762E+00 0.2682E+00 0.2627E+00 0.2485E+00 0.2272E+00 0.2236E+00 0.2175E+00 0.1987E+00 0.2859E+00
   73.23 0.3071E+00 0.3102E+00 0.3132E+00 0.3100E+00 0.3117E+00 0.3102E+00 0.3108E+00 0.3043E+00 0.3078E+00 0.3062E+00 0.3012E+00 0.3021E+00 0.2945E+00 0.2901E+00 0.2732E+00 0.2496E+00 0.2459E+00 0.2406E+00 0.2195E+00 0.3141E+00
   70.99 0.3435E+00 0.3396E+00 0.3435E+00 0.3418E+00 0.3512E+00 0.3367E+00 0.3405E+00 0.3392E+00 0.3445E+00 0.3375E+00 0.3358E+00 0.3301E+00 0.3300E+00 0.3247E+00 0.2994E+00 0.2765E+00 0.2736E+00 0.2670E+00 0.2437E+00 0.3461E+00
   68.76 0.3784E+00 0.3789E+00 0.3798E+00 0.3784E+00 0.3823E+00 0.3768E+00 0.3780E+00 0.3754E+00 0.3770E+00 0.3711E+00 0.3709E+00 0.3662E+00 0.3637E+00 0.3567E+00 0.3306E+00 0.3079E+00 0.3041E+00 0.2961E+00 0.2714E+00 0.3832E+00
   66.52 0.4212E+00 0.4240E+00 0.4225E+00 0.4230E+00 0.4216E+00 0.4213E+00 0.4225E+00 0.4169E+00 0.4131E+00 0.4130E+00 0.4084E+00 0.4111E+00 0.3998E+00 0.3913E+00 0.3691E+00 0.3418E+00 0.3373E+00 0.3296E+00 0.3032E+00 0.4264E+00
   64.29 0.4621E+00 0.4684E+00 0.4746E+00 0.4715E+00 0.4733E+00 0.4651E+00 0.4694E+00 0.4575E+00 0.4641E+00 0.4613E+00 0.4520E+00 0.4523E+00 0.4427E+00 0.4371E+00 0.4127E+00 0.3816E+00 0.3768E+00 0.3696E+00 0.3402E+00 0.4752E+00
   62.05 0.5215E+00 0.5221E+00 0.5270E+00 0.5237E+00 0.5255E+00 0.5188E+00 0.5216E+00 0.5145E+00 0.5172E+00 0.5129E+00 0.5102E+00 0.5018E+00 0.4993E+00 0.4889E+00 0.4584E+00 0.4284E+00 0.4244E+00 0.4154E+00 0.3833E+00 0.5306E+00
   59.81 0.5828E+00 0.5857E+00 0.5841E+00 0.5840E+00 0.5843E+00 0.5858E+00 0.5825E+00 0.5796E+00 0.5758E+00 0.5672E+00 0.5678E+00 0.5649E+00 0.5557E+00 0.5452E+00 0.5102E+00 0.4829E+00 0.4782E+00 0.4675E+00 0.4332E+00 0.5950E+00
   57.58 0.6534E+00 0.6599E+00 0.6570E+00 0.6575E+00 0.6514E+00 0.6533E+00 0.6555E+00 0.6436E+00 0.6394E+00 0.6372E+00 0.6316E+00 0.6332E+00 0.6207E+00 0.6060E+00 0.5766E+00 0.5439E+00 0.5380E+00 0.5285E+00 0.4914E+00 0.6694E+00
   55.34 0.7283E+00 0.7347E+00 0.7360E+00 0.7351E+00 0.7309E+00 0.7293E+00 0.7320E+00 0.7216E+00 0.7219E+00 0.7144E+00 0.7096E+00 0.7050E+00 0.6934E+00 0.6837E+00 0.6502E+00 0.6147E+00 0.6096E+00 0.6006E+00 0.5599E+00 0.7551E+00
   53.11 0.8315E+00 0.8171E+00 0.8242E+00 0.8175E+00 0.8248E+00 0.8141E+00 0.8130E+00 0.8166E+00 0.8118E+00 0.8059E+00 0.8020E+00 0.7872E+00 0.7886E+00 0.7700E+00 0.7294E+00 0.6976E+00 0.6942E+00 0.6839E+00 0.6400E+00 0.8541E+00
   50.87 0.9216E+00 0.9343E+00 0.9266E+00 0.9304E+00 0.9206E+00 0.9265E+00 0.9253E+00 0.9129E+00 0.9046E+00 0.8982E+00 0.8908E+00 0.8983E+00 0.8778E+00 0.8601E+00 0.8253E+00 0.7958E+00 0.7904E+00 0.7797E+00 0.7340E+00 0.9696E+00
   48.63 0.1045E+01 0.1054E+01 0.1040E+01 0.1042E+01 0.1027E+01 0.1046E+01 0.1039E+01 0.1029E+01 0.1018E+01 0.1007E+01 0.1008E+01 0.1014E+01 0.9911E+00 0.9726E+00 0.9395E+00 0.9077E+00 0.9025E+00 0.8933E+00 0.8452E+00 0.1104E+01
   46.40 0.1177E+01 0.1174E+01 0.1176E+01 0.1175E+01 0.1167E+01 0.1165E+01 0.1167E+01 0.1158E+01 0.1145E+01 0.1151E+01 0.1134E+01 0.1132E+01 0.1118E+01 0.1099E+01 0.1069E+01 0.1036E+01 0.1035E+01 0.1029E+01 0.9771E+00 0.1259E+01
   44.16 0.1332E+01 0.1330E+01 0.1323E+01 0.1323E+01 0.1314E+01 0.1319E+01 0.1314E+01 0.1309E+01 0.1296E+01 0.1290E+01 0.1286E+01 0.1281E+01 0.1274E+01 0.1250E+01 0.1214E+01 0.1192E+01 0.1192E+01 0.1189E+01 0.1134E+01 0.1440E+01
   41.93 0.1512E+01 0.1491E+01 0.1487E+01 0.1481E+01 0.1484E+01 0.1487E+01 0.1472E+01 0.1484E+01 0.1464E+01 0.1458E+01 0.1456E+01 0.1447E+01 0.1440E+01 0.1420E+01 0.1386E+01 0.1374E+01 0.1376E+01 0.1373E+01 0.1320E+01 0.1651E+01
   39.69 0.1698E+01 0.1701E+01 0.1677E+01 0.1683E+01 0.1660E+01 0.1690E+01 0.1676E+01 0.1674E+01 0.1648E+01 0.1641E+01 0.1642E+01 0.1650E+01 0.1629E+01 0.1608E+01 0.1589E+01 0.1588E+01 0.1590E+01 0.1594E+01 0.1544E+01 0.1900E+01
   37.45 0.1927E+01 0.1919E+01 0.1904E+01 0.1907E+01 0.1883E+01 0.1901E+01 0.1897E+01 0.1886E+01 0.1860E+01 0.1871E+01 0.1853E+01 0.1870E+01 0.1847E+01 0.1824E+01 0.1833E+01 0.1834E+01 0.1841E+01 0.1859E+01 0.1811E+01 0.2192E+01
   35.22 0.2171E+01 0.2164E+01 0.2149E+01 0.2144E+01 0.2141E+01 0.2154E+01 0.2130E+01 0.2140E+01 0.2118E+01 0.2115E+01 0.2114E+01 0.2113E+01 0.2106E+01 0.2094E+01 0.2106E+01 0.2133E+01 0.2148E+01 0.2176E+01 0.2135E+01 0.2533E+01
   32.98 0.2460E+01 0.2436E+01 0.2438E+01 0.2422E+01 0.2419E+01 0.2428E+01 0.2408E+01 0.2432E+01 0.2416E+01 0.2402E+01 0.2414E+01 0.2395E+01 0.2406E+01 0.2402E+01 0.2430E+01 0.2489E+01 0.2514E+01 0.2553E+01 0.2526E+01 0.2932E+01
   30.75 0.2803E+01 0.2753E+01 0.2733E+01 0.2735E+01 0.2744E+01 0.2744E+01 0.2722E+01 0.2765E+01 0.2737E+01 0.2724E+01 0.2741E+01 0.2727E+01 0.2750E+01 0.2744E+01 0.2810E+01 0.2916E+01 0.2947E+01 0.3005E+01 0.2999E+01 0.3405E+01
   28.51 0.3145E+01 0.3144E+01 0.3116E+01 0.3126E+01 0.3102E+01 0.3133E+01 0.3106E+01 0.3124E+01 0.3106E+01 0.3088E+01 0.3116E+01 0.3121E+01 0.3127E+01 0.3145E+01 0.3283E+01 0.3417E+01 0.3458E+01 0.3551E+01 0.3576E+01 0.3964E+01
   26.28 0.3578E+01 0.3545E+01 0.3555E+01 0.3543E+01 0.3529E+01 0.3544E+01 0.3521E+01 0.3550E+01 0.3546E+01 0.3543E+01 0.3575E+01 0.3550E+01 0.3600E+01 0.3638E+01 0.3839E+01 0.4018E+01 0.4084E+01 0.4216E+01 0.4284E+01 0.4625E+01
   24.04 0.4060E+01 0.4033E+01 0.4027E+01 0.4023E+01 0.4028E+01 0.4027E+01 0.4015E+01 0.4053E+01 0.4052E+01 0.4055E+01 0.4085E+01 0.4079E+01 0.4146E+01 0.4207E+01 0.4494E+01 0.4766E+01 0.4855E+01 0.5023E+01 0.5153E+01 0.5406E+01
   21.80 0.4616E+01 0.4574E+01 0.4594E+01 0.4583E+01 0.4610E+01 0.4567E+01 0.4582E+01 0.4642E+01 0.4671E+01 0.4672E+01 0.4727E+01 0.4676E+01 0.4803E+01 0.4921E+01 0.5306E+01 0.5681E+01 0.5795E+01 0.6021E+01 0.6231E+01 0.6331E+01
   19.57 0.5294E+01 0.5230E+01 0.5248E+01 0.5248E+01 0.5294E+01 0.5254E+01 0.5262E+01 0.5357E+01 0.5396E+01 0.5401E+01 0.5493E+01 0.5445E+01 0.5619E+01 0.5775E+01 0.6326E+01 0.6815E+01 0.6962E+01 0.7252E+01 0.7575E+01 0.7443E+01
   17.33 0.6060E+01 0.6092E+01 0.6071E+01 0.6099E+01 0.6099E+01 0.6162E+01 0.6163E+01 0.6212E+01 0.6265E+01 0.6328E+01 0.6428E+01 0.6487E+01 0.6619E+01 0.6836E+01 0.7654E+01 0.8243E+01 0.8425E+01 0.8799E+01 0.9273E+01 0.8785E+01
   15.10 0.7032E+01 0.7124E+01 0.7144E+01 0.7173E+01 0.7193E+01 0.7252E+01 0.7312E+01 0.7354E+01 0.7474E+01 0.7623E+01 0.7688E+01 0.7806E+01 0.7972E+01 0.8306E+01 0.9405E+01 0.1012E+02 0.1034E+02 0.1080E+02 0.1145E+02 0.1042E+02
   12.86 0.8453E+01 0.8551E+01 0.8583E+01 0.8675E+01 0.8708E+01 0.8791E+01 0.8904E+01 0.9072E+01 0.9208E+01 0.9452E+01 0.9567E+01 0.9679E+01 0.9989E+01 0.1044E+02 0.1181E+02 0.1270E+02 0.1294E+02 0.1346E+02 0.1432E+02 0.1240E+02
   10.63 0.1059E+02 0.1079E+02 0.1080E+02 0.1103E+02 0.1118E+02 0.1131E+02 0.1146E+02 0.1178E+02 0.1201E+02 0.1227E+02 0.1258E+02 0.1267E+02 0.1318E+02 0.1376E+02 0.1537E+02 0.1641E+02 0.1663E+02 0.1711E+02 0.1820E+02 0.1490E+02
    8.39 0.1440E+02 0.1486E+02 0.1507E+02 0.1537E+02 0.1570E+02 0.1584E+02 0.1613E+02 0.1658E+02 0.1705E+02 0.1750E+02 0.1787E+02 0.1800E+02 0.1867E+02 0.1947E+02 0.2110E+02 0.2203E+02 0.2213E+02 0.2240E+02 0.2367E+02 0.1809E+02
    6.16 0.2315E+02 0.2432E+02 0.2450E+02 0.2517E+02 0.2555E+02 0.2607E+02 0.2653E+02 0.2723E+02 0.2778E+02 0.2842E+02 0.2888E+02 0.2915E+02 0.2982E+02 0.3052E+02 0.3126E+02 0.3141E+02 0.3111E+02 0.3056E+02 0.3183E+02 0.2229E+02
    3.93 0.5053E+02 0.5292E+02 0.5334E+02 0.5427E+02 0.5480E+02 0.5547E+02 0.5599E+02 0.5633E+02 0.5665E+02 0.5704E+02 0.5695E+02 0.5744E+02 0.5683E+02 0.5629E+02 0.5197E+02 0.4881E+02 0.4721E+02 0.4431E+02 0.4480E+02 0.2775E+02
    1.71 0.1999E+03 0.1950E+03 0.1941E+03 0.1902E+03 0.1870E+03 0.1834E+03 0.1804E+03 0.1742E+03 0.1693E+03 0.1642E+03 0.1580E+03 0.1552E+03 0.1462E+03 0.1351E+03 0.1017E+03 0.8474E+02 0.7880E+02 0.6829E+02 0.6470E+02 0.3291E+02
    0.00 0.1115E+04 0.8938E+03 0.8520E+03 0.7534E+03 0.6903E+03 0.6466E+03 0.5914E+03 0.5324E+03 0.4757E+03 0.4258E+03 0.3874E+03 0.3661E+03 0.3167E+03 0.2610E+03 0.1489E+03 0.1103E+03 0.9907E+02 0.8077E+02 0.7353E+02 0.3449E+02
  180.00 -.2091E-21 0.7082E-21 0.8609E-21 0.2608E-21 0.4127E-21 -.3681E-21 -.1040E-21 -.8278E-23 0.1769E-21 -.3567E-21 0.6062E-21 -.6095E-21 0.3315E-21 0.5720E-21 -.5409E-21 0.1454E-21 0.3643E-21 0.2711E-21 -.6400E-22 -.2209E-21
  178.29 -.1311E-02 -.1264E-01 -.1984E-01 -.2537E-01 -.1725E-01 -.1897E-01 -.2513E-01 -.6207E-02 -.1840E-01 -.3809E-01 -.1941E-01 -.1952E-01 -.1818E-01 -.2287E-01 -.1192E-01 -.7559E-02 -.6989E-02 -.5021E-02 -.1427E-02 0.1306E-03
  176.07 0.5497E-01 0.2643E-01 0.3179E-01 0.1937E-01 0.3991E-02 0.3238E-01 0.1432E-01 0.1375E-01 0.1241E-01 0.2005E-01 0.1125E-01 0.1444E-01 0.9339E-02 -.4446E-03 0.3559E-02 -.1290E-02 -.3634E-02 -.4285E-02 -.1332E-02 0.4185E-02
  173.84 0.2534E-01 0.5973E-01 0.6582E-01 0.5428E-01 0.4031E-01 0.5085E-01 0.5373E-01 0.1892E-01 0.1866E-01 0.3761E-01 0.1191E-01 0.4348E-01 0.3291E-02 0.1638E-01 0.2012E-01 0.9148E-02 0.6771E-02 0.5483E-02 0.3871E-02 0.1294E-01
  171.61 0.4437E-01 0.4669E-01 0.4025E-01 0.4025E-01 0.5129E-01 0.4009E-01 0.4244E-01 0.2594E-01 0.4771E-01 0.3989E-01 0.3488E-01 0.3446E-01 0.2392E-01 0.3601E-01 0.1169E-01 0.1386E-01 0.1416E-01 0.1364E-01 0.8439E-02 0.1945E-01
  169.37 0.4826E-01 0.4135E-01 0.4010E-01 0.4055E-01 0.3963E-01 0.3309E-01 0.3267E-01 0.2558E-01 0.2606E-01 0.2213E-01 0.2289E-01 0.1940E-01 0.2118E-01 0.1934E-01 0.8788E-02 0.9778E-02 0.1076E-01 0.1013E-01 0.7029E-02 0.2258E-01
  167.14 0.4205E-01 0.3123E-01 0.3647E-01 0.2727E-01 0.1916E-01 0.2457E-01 0.2075E-01 0.2014E-01 0.6961E-02 0.1228E-01 0.6777E-02 0.8092E-02 0.3064E-02 -.9192E-03 -.2045E-02 -.1370E-02 -.2188E-02 -.1675E-02 -.3810E-04 0.2216E-01
  164.90 0.2822E-01 0.2261E-01 0.1892E-01 0.1395E-01 0.2162E-01 0.1108E-01 0.8514E-02 -.2767E-02 0.2377E-02 -.2890E-02 -.4955E-02 -.6532E-02 -.1237E-01 -.1319E-01 -.2183E-01 -.1916E-01 -.1904E-01 -.1446E-01 -.8988E-02 0.1901E-01
  162.67 0.7698E-02 0.1702E-01 0.1290E-01 0.1650E-01 -.3559E-02 -.7609E-03 0.2338E-02 -.2169E-01 -.1645E-01 -.1358E-01 -.2494E-01 -.2038E-01 -.3138E-01 -.2887E-01 -.3648E-01 -.3489E-01 -.3310E-01 -.2696E-01 -.1742E-01 0.1472E-01
  160.43 -.9827E-03 -.8607E-02 0.9197E-04 -.1534E-01 -.1452E-01 -.2404E-01 -.2613E-01 -.2822E-01 -.2909E-01 -.2636E-01 -.3486E-01 -.4286E-01 -.4245E-01 -.4400E-01 -.4642E-01 -.4484E-01 -.4234E-01 -.3671E-01 -.2430E-01 0.9898E-02
  158.20 -.1440E-01 -.2457E-01 -.2280E-01 -.2812E-01 -.2972E-01 -.3964E-01 -.3821E-01 -.3948E-01 -.3942E-01 -.4205E-01 -.4590E-01 -.5698E-01 -.5232E-01 -.5213E-01 -.5860E-01 -.5103E-01 -.4866E-01 -.4229E-01 -.2895E-01 0.6415E-02
  155.96 -.4286E-01 -.3520E-01 -.3901E-01 -.4140E-01 -.4771E-01 -.4545E-01 -.5016E-01 -.6131E-01 -.5733E-01 -.5376E-01 -.6430E-01 -.5846E-01 -.6690E-01 -.6443E-01 -.6328E-01 -.5556E-01 -.5370E-01 -.4570E-01 -.3178E-01 0.4621E-02
  153.72 -.5967E-01 -.5760E-01 -.5682E-01 -.6144E-01 -.6477E-01 -.5957E-01 -.6610E-01 -.6804E-01 -.6762E-01 -.6764E-01 -.6934E-01 -.6799E-01 -.7173E-01 -.6830E-01 -.6344E-01 -.5453E-01 -.5359E-01 -.4693E-01 -.3302E-01 0.3812E-02
  151.49 -.7026E-01 -.7317E-01 -.6956E-01 -.7664E-01 -.7077E-01 -.7447E-01 -.7625E-01 -.6812E-01 -.7118E-01 -.6801E-01 -.7037E-01 -.7372E-01 -.6879E-01 -.6717E-01 -.6079E-01 -.5118E-01 -.5043E-01 -.4472E-01 -.3265E-01 0.3664E-02
  149.25 -.8019E-01 -.7007E-01 -.6283E-01 -.5868E-01 -.7101E-01 -.7001E-01 -.6358E-01 -.7443E-01 -.7164E-01 -.6011E-01 -.7443E-01 -.6706E-01 -.7105E-01 -.6510E-01 -.5084E-01 -.4789E-01 -.4793E-01 -.4041E-01 -.3135E-01 0.3570E-02
  147.02 -.5094E-01 -.5052E-01 -.4712E-01 -.5165E-01 -.4745E-01 -.5006E-01 -.5069E-01 -.5360E-01 -.4979E-01 -.4976E-01 -.5199E-01 -.5082E-01 -.5283E-01 -.4568E-01 -.4209E-01 -.3965E-01 -.4049E-01 -.3478E-01 -.2927E-01 0.3000E-02
  144.78 -.9049E-02 -.2225E-01 -.2087E-01 -.2440E-01 -.2226E-01 -.2672E-01 -.2536E-01 -.2315E-01 -.2497E-01 -.3057E-01 -.2747E-01 -.3270E-01 -.2812E-01 -.2918E-01 -.3292E-01 -.2955E-01 -.3089E-01 -.2959E-01 -.2668E-01 0.2256E-02
  142.55 0.4794E-02 0.2935E-02 0.9664E-03 -.4101E-03 -.6595E-02 -.3093E-02 -.3304E-02 -.9642E-02 -.1261E-01 -.1312E-01 -.1763E-01 -.1259E-01 -.1834E-01 -.2100E-01 -.2173E-01 -.2294E-01 -.2496E-01 -.2494E-01 -.2436E-01 0.1602E-02
  140.31 0.1177E-01 0.7680E-02 0.9219E-02 0.5410E-02 0.3398E-02 0.3774E-02 0.1438E-02 -.1208E-03 -.1862E-02 -.2803E-02 -.6185E-02 -.5816E-02 -.9260E-02 -.1034E-01 -.1438E-01 -.1763E-01 -.1943E-01 -.1992E-01 -.2199E-01 0.8519E-03
  138.07 0.1394E-01 0.1236E-01 0.1283E-01 0.9851E-02 0.8144E-02 0.5943E-02 0.6806E-02 0.2975E-02 0.2519E-02 0.1851E-02 -.1398E-02 -.2170E-03 -.3604E-02 -.5588E-02 -.8994E-02 -.1384E-01 -.1550E-01 -.1650E-01 -.1998E-01 -.7019E-04
  135.84 0.1217E-01 0.1383E-01 0.1228E-01 0.1200E-01 0.7990E-02 0.8110E-02 0.9779E-02 0.3702E-02 0.2710E-02 0.3754E-02 -.7038E-03 0.1860E-02 -.2100E-02 -.4246E-02 -.6340E-02 -.1111E-01 -.1275E-01 -.1424E-01 -.1843E-01 -.1304E-02
  133.60 0.1193E-01 0.9128E-02 0.1024E-01 0.8125E-02 0.8420E-02 0.6044E-02 0.5551E-02 0.4626E-02 0.4264E-02 0.4294E-02 0.1847E-02 -.4963E-03 -.9213E-03 -.1774E-02 -.6412E-02 -.9342E-02 -.1030E-01 -.1191E-01 -.1705E-01 -.2775E-02
  131.37 0.9643E-02 0.7647E-02 0.9262E-02 0.7387E-02 0.7530E-02 0.4107E-02 0.4802E-02 0.3673E-02 0.2210E-02 0.3170E-02 -.7999E-03 -.1184E-02 -.2053E-02 -.3106E-02 -.6040E-02 -.8017E-02 -.9377E-02 -.1114E-01 -.1619E-01 -.4177E-02
  129.13 0.9759E-02 0.6800E-02 0.5970E-02 0.4748E-02 0.4127E-02 0.4186E-02 0.3012E-02 0.1778E-02 0.1032E-02 -.2890E-03 -.4655E-03 -.6720E-03 -.1719E-02 -.3686E-02 -.6595E-02 -.7547E-02 -.9217E-02 -.1096E-01 -.1558E-01 -.5499E-02
  126.89 0.6014E-02 0.3870E-02 0.3745E-02 0.2988E-02 0.3004E-02 0.8829E-03 0.1594E-03 0.9136E-04 0.7059E-04 -.1607E-02 -.1505E-02 -.3389E-02 -.3601E-02 -.3623E-02 -.7631E-02 -.7771E-02 -.8638E-02 -.1056E-01 -.1517E-01 -.6904E-02
  124.66 0.4898E-02 0.7490E-03 0.1720E-02 -.1494E-03 0.1622E-02 -.1357E-02 -.2306E-02 -.1497E-02 -.3397E-03 -.3461E-02 -.2769E-02 -.6303E-02 -.4176E-02 -.4232E-02 -.8726E-02 -.8341E-02 -.8766E-02 -.1027E-01 -.1500E-01 -.8276E-02
  122.42 0.1717E-02 0.7702E-03 0.3518E-03 -.1566E-02 -.3190E-02 -.3318E-02 -.3392E-02 -.4567E-02 -.5790E-02 -.4713E-02 -.6451E-02 -.6684E-02 -.7380E-02 -.7985E-02 -.9097E-02 -.8692E-02 -.9674E-02 -.1089E-01 -.1510E-01 -.9485E-02
  120.19 -.8963E-03 -.2239E-02 -.1046E-02 -.2764E-02 -.6583E-02 -.4813E-02 -.5284E-02 -.6748E-02 -.8831E-02 -.6986E-02 -.9777E-02 -.8080E-02 -.1006E-01 -.1037E-01 -.9442E-02 -.9094E-02 -.9922E-02 -.1166E-01 -.1526E-01 -.1065E-01
  117.95 -.3482E-02 -.4582E-02 -.4698E-02 -.5505E-02 -.7282E-02 -.7165E-02 -.7280E-02 -.8455E-02 -.9157E-02 -.9698E-02 -.1092E-01 -.1087E-01 -.1094E-01 -.1091E-01 -.1157E-01 -.9819E-02 -.1004E-01 -.1164E-01 -.1542E-01 -.1187E-01
  115.71 -.5538E-02 -.6491E-02 -.7655E-02 -.9880E-02 -.7142E-02 -.9131E-02 -.1034E-01 -.1205E-01 -.1018E-01 -.1030E-01 -.1164E-01 -.1201E-01 -.1287E-01 -.1138E-01 -.1297E-01 -.1098E-01 -.1119E-01 -.1163E-01 -.1569E-01 -.1304E-01
  113.48 -.8813E-02 -.9735E-02 -.7058E-02 -.9985E-02 -.1113E-01 -.1271E-01 -.1177E-01 -.1375E-01 -.1313E-01 -.1114E-01 -.1530E-01 -.1498E-01 -.1586E-01 -.1437E-01 -.1194E-01 -.1120E-01 -.1176E-01 -.1224E-01 -.1606E-01 -.1417E-01
  111.24 -.9310E-02 -.1109E-01 -.9788E-02 -.1007E-01 -.1230E-01 -.1453E-01 -.1234E-01 -.1345E-01 -.1432E-01 -.1440E-01 -.1520E-01 -.1588E-01 -.1552E-01 -.1508E-01 -.1376E-01 -.1108E-01 -.1145E-01 -.1265E-01 -.1640E-01 -.1530E-01
  109.01 -.8762E-02 -.1340E-01 -.1300E-01 -.1388E-01 -.1251E-01 -.1556E-01 -.1563E-01 -.1426E-01 -.1331E-01 -.1582E-01 -.1366E-01 -.1696E-01 -.1500E-01 -.1387E-01 -.1599E-01 -.1101E-01 -.1126E-01 -.1275E-01 -.1673E-01 -.1642E-01
  106.77 -.9273E-02 -.1248E-01 -.1127E-01 -.1422E-01 -.1357E-01 -.1413E-01 -.1613E-01 -.1508E-01 -.1459E-01 -.1529E-01 -.1553E-01 -.1668E-01 -.1615E-01 -.1536E-01 -.1498E-01 -.1171E-01 -.1197E-01 -.1291E-01 -.1718E-01 -.1745E-01
  104.53 -.1007E-01 -.1107E-01 -.1103E-01 -.1308E-01 -.1372E-01 -.1379E-01 -.1496E-01 -.1614E-01 -.1599E-01 -.1466E-01 -.1625E-01 -.1656E-01 -.1693E-01 -.1585E-01 -.1435E-01 -.1217E-01 -.1256E-01 -.1301E-01 -.1762E-01 -.1846E-01
  102.30 -.9362E-02 -.1087E-01 -.1362E-01 -.1289E-01 -.1242E-01 -.1304E-01 -.1434E-01 -.1474E-01 -.1520E-01 -.1575E-01 -.1613E-01 -.1631E-01 -.1698E-01 -.1643E-01 -.1576E-01 -.1159E-01 -.1194E-01 -.1313E-01 -.1804E-01 -.1941E-01
  100.06 -.7811E-02 -.7683E-02 -.1108E-01 -.1090E-01 -.1512E-01 -.1179E-01 -.1278E-01 -.1540E-01 -.1538E-01 -.1589E-01 -.1597E-01 -.1464E-01 -.1659E-01 -.1576E-01 -.1506E-01 -.1153E-01 -.1189E-01 -.1338E-01 -.1848E-01 -.2020E-01
   97.83 -.7818E-02 -.6764E-02 -.8459E-02 -.8683E-02 -.1212E-01 -.1128E-01 -.1012E-01 -.1694E-01 -.1625E-01 -.1430E-01 -.1635E-01 -.1438E-01 -.1663E-01 -.1598E-01 -.1364E-01 -.1225E-01 -.1239E-01 -.1325E-01 -.1891E-01 -.2098E-01
   95.59 -.6912E-02 -.7833E-02 -.8462E-02 -.8999E-02 -.1236E-01 -.1266E-01 -.1151E-01 -.1427E-01 -.1486E-01 -.1490E-01 -.1598E-01 -.1518E-01 -.1610E-01 -.1577E-01 -.1382E-01 -.1120E-01 -.1137E-01 -.1308E-01 -.1927E-01 -.2193E-01
   93.35 -.6307E-02 -.8360E-02 -.8574E-02 -.9487E-02 -.1134E-01 -.1125E-01 -.1248E-01 -.1363E-01 -.1454E-01 -.1414E-01 -.1544E-01 -.1535E-01 -.1557E-01 -.1471E-01 -.1428E-01 -.1021E-01 -.1084E-01 -.1307E-01 -.1968E-01 -.2280E-01
   91.12 -.6283E-02 -.6357E-02 -.7322E-02 -.7898E-02 -.7617E-02 -.1094E-01 -.9240E-02 -.1575E-01 -.1297E-01 -.1190E-01 -.1490E-01 -.1390E-01 -.1560E-01 -.1398E-01 -.1317E-01 -.1118E-01 -.1121E-01 -.1249E-01 -.2007E-01 -.2347E-01
   90.00 -.5930E-02 -.6106E-02 -.7242E-02 -.8963E-02 -.6299E-02 -.1057E-01 -.9707E-02 -.1586E-01 -.1141E-01 -.1124E-01 -.1362E-01 -.1356E-01 -.1471E-01 -.1269E-01 -.1273E-01 -.1116E-01 -.1090E-01 -.1211E-01 -.2020E-01 -.2378E-01
   88.88 -.5580E-02 -.6435E-02 -.4724E-02 -.7541E-02 -.6236E-02 -.1243E-01 -.1000E-01 -.1505E-01 -.1049E-01 -.1047E-01 -.1281E-01 -.1495E-01 -.1354E-01 -.1172E-01 -.1202E-01 -.1058E-01 -.1013E-01 -.1195E-01 -.2032E-01 -.2409E-01
   86.65 -.4134E-02 -.8021E-02 -.3577E-02 -.8493E-02 -.7676E-02 -.1197E-01 -.1167E-01 -.1213E-01 -.1063E-01 -.1059E-01 -.1199E-01 -.1576E-01 -.1280E-01 -.1117E-01 -.1181E-01 -.8404E-02 -.8950E-02 -.1219E-01 -.2071E-01 -.2454E-01
   84.41 -.3263E-02 -.4481E-02 -.5571E-02 -.6795E-02 -.7339E-02 -.8390E-02 -.8135E-02 -.1136E-01 -.1061E-01 -.1196E-01 -.1284E-01 -.1144E-01 -.1353E-01 -.1205E-01 -.1107E-01 -.8308E-02 -.9157E-02 -.1210E-01 -.2118E-01 -.2483E-01
   82.17 -.1229E-02 -.3542E-02 -.4451E-02 -.6721E-02 -.4401E-02 -.8556E-02 -.7906E-02 -.1078E-01 -.9016E-02 -.9615E-02 -.1006E-01 -.1111E-01 -.1161E-01 -.9105E-02 -.9827E-02 -.7983E-02 -.8569E-02 -.1131E-01 -.2139E-01 -.2528E-01
   79.94 0.1985E-02 -.5600E-02 -.4044E-02 -.7141E-02 -.4987E-02 -.9632E-02 -.1019E-01 -.8209E-02 -.6106E-02 -.8458E-02 -.8245E-02 -.1322E-01 -.8562E-02 -.7366E-02 -.1029E-01 -.5965E-02 -.6582E-02 -.1068E-01 -.2150E-01 -.2587E-01
   77.70 0.2656E-03 -.1996E-02 -.1680E-02 -.4839E-02 -.4324E-02 -.5401E-02 -.6296E-02 -.7543E-02 -.7022E-02 -.7842E-02 -.8136E-02 -.1005E-01 -.9705E-02 -.6838E-02 -.8778E-02 -.4789E-02 -.6032E-02 -.1052E-01 -.2182E-01 -.2615E-01
   75.47 0.2001E-02 0.7514E-03 0.1899E-02 -.2693E-03 -.5646E-02 -.2424E-02 -.3399E-02 -.6431E-02 -.9568E-02 -.5257E-02 -.8173E-02 -.7605E-02 -.9031E-02 -.7412E-02 -.5947E-02 -.4427E-02 -.5695E-02 -.9941E-02 -.2198E-01 -.2614E-01
   73.23 0.4232E-02 0.1616E-02 0.7842E-03 -.2237E-02 0.1044E-02 -.2792E-02 -.5224E-02 -.5968E-02 -.3732E-02 -.2548E-02 -.6379E-02 -.6931E-02 -.6355E-02 -.4060E-02 -.6288E-02 -.3554E-02 -.4365E-02 -.8283E-02 -.2185E-01 -.2608E-01
   70.99 0.2741E-02 0.2879E-02 0.2915E-02 0.1984E-02 0.3781E-02 -.3098E-02 -.7777E-03 -.4559E-02 -.2903E-02 -.1095E-02 -.4115E-02 -.6050E-02 -.6140E-02 -.1878E-02 -.4985E-02 -.1367E-02 -.2910E-02 -.7786E-02 -.2186E-01 -.2579E-01
   68.76 0.5647E-02 0.8728E-02 0.9784E-02 0.7576E-02 -.2117E-02 0.4737E-02 0.4523E-02 -.2659E-02 -.4577E-02 -.2211E-02 -.4868E-02 -.1156E-03 -.4961E-02 -.4172E-02 -.1428E-03 0.2540E-03 -.1904E-02 -.7954E-02 -.2192E-01 -.2544E-01
   66.52 0.8312E-02 0.6858E-02 0.9672E-02 0.5039E-02 0.1937E-02 0.5831E-02 0.8943E-03 0.9183E-03 -.2037E-02 0.4448E-02 -.4413E-02 -.7031E-03 -.3724E-02 -.1778E-02 0.1131E-02 0.1744E-02 -.1138E-03 -.5751E-02 -.2144E-01 -.2531E-01
   64.29 0.1142E-01 0.1232E-01 0.8231E-02 0.6602E-02 0.1314E-01 0.4810E-02 0.5156E-02 -.3217E-03 0.5972E-02 0.8713E-02 0.2583E-02 0.2289E-02 0.1099E-02 0.6421E-02 0.1289E-03 0.2241E-02 0.1224E-02 -.2648E-02 -.2068E-01 -.2496E-01
   62.05 0.1415E-01 0.1470E-01 0.1419E-01 0.1419E-01 0.7408E-02 0.8325E-02 0.9672E-02 0.6736E-02 0.4237E-02 0.6981E-02 0.2953E-02 0.4309E-02 0.3699E-02 0.5190E-02 0.5054E-02 0.6220E-02 0.4703E-02 -.2522E-02 -.2021E-01 -.2408E-01
   59.81 0.1690E-01 0.1498E-01 0.1644E-01 0.1306E-01 0.1019E-01 0.1390E-01 0.9643E-02 0.9181E-02 0.6447E-02 0.1039E-01 0.3238E-02 0.7874E-02 0.3787E-02 0.6975E-02 0.9396E-02 0.9314E-02 0.6664E-02 -.1346E-02 -.1957E-01 -.2291E-01
   57.58 0.1676E-01 0.2197E-01 0.2231E-01 0.1855E-01 0.1436E-01 0.1315E-01 0.1450E-01 0.7765E-02 0.6231E-02 0.1817E-01 0.4962E-02 0.1301E-01 0.5031E-02 0.7647E-02 0.1255E-01 0.9923E-02 0.7476E-02 0.2198E-02 -.1830E-01 -.2147E-01
   55.34 0.2161E-01 0.2441E-01 0.2345E-01 0.2229E-01 0.1925E-01 0.2036E-01 0.2074E-01 0.1104E-01 0.1621E-01 0.1840E-01 0.1056E-01 0.1454E-01 0.1192E-01 0.1568E-01 0.1434E-01 0.1204E-01 0.1124E-01 0.5277E-02 -.1679E-01 -.1994E-01
   53.11 0.2277E-01 0.2687E-01 0.2840E-01 0.2611E-01 0.1839E-01 0.2129E-01 0.2099E-01 0.1907E-01 0.1424E-01 0.1844E-01 0.1219E-01 0.1785E-01 0.1293E-01 0.1793E-01 0.1821E-01 0.1924E-01 0.1687E-01 0.6552E-02 -.1525E-01 -.1847E-01
   50.87 0.3192E-01 0.3184E-01 0.2402E-01 0.2283E-01 0.1984E-01 0.2796E-01 0.2240E-01 0.2112E-01 0.1574E-01 0.2127E-01 0.1817E-01 0.2494E-01 0.1907E-01 0.1862E-01 0.2178E-01 0.2199E-01 0.1837E-01 0.1010E-01 -.1328E-01 -.1637E-01
   48.63 0.3549E-01 0.3222E-01 0.3758E-01 0.3306E-01 0.2653E-01 0.2557E-01 0.3080E-01 0.2393E-01 0.2146E-01 0.2931E-01 0.1767E-01 0.2368E-01 0.2122E-01 0.2225E-01 0.3089E-01 0.2134E-01 0.2066E-01 0.1451E-01 -.1087E-01 -.1353E-01
   46.40 0.3518E-01 0.3930E-01 0.3581E-01 0.3586E-01 0.2491E-01 0.3389E-01 0.3408E-01 0.2870E-01 0.2258E-01 0.2643E-01 0.2263E-01 0.2999E-01 0.2606E-01 0.2730E-01 0.3115E-01 0.2918E-01 0.2750E-01 0.1826E-01 -.7869E-02 -.1047E-01
   44.16 0.4629E-01 0.3389E-01 0.3101E-01 0.3200E-01 0.3427E-01 0.3068E-01 0.2731E-01 0.3483E-01 0.2887E-01 0.2979E-01 0.3107E-01 0.3050E-01 0.3097E-01 0.2920E-01 0.3369E-01 0.3608E-01 0.3237E-01 0.2154E-01 -.4800E-02 -.7363E-02
   41.93 0.4659E-01 0.4738E-01 0.3475E-01 0.3848E-01 0.2866E-01 0.4540E-01 0.3870E-01 0.3330E-01 0.2571E-01 0.2509E-01 0.2904E-01 0.4364E-01 0.3625E-01 0.3129E-01 0.3969E-01 0.3889E-01 0.3483E-01 0.2458E-01 -.1520E-02 -.3307E-02
   39.69 0.5298E-01 0.4370E-01 0.4142E-01 0.4811E-01 0.3055E-01 0.3401E-01 0.4643E-01 0.3952E-01 0.3441E-01 0.3221E-01 0.3789E-01 0.3855E-01 0.4075E-01 0.3688E-01 0.5026E-01 0.4123E-01 0.4013E-01 0.3062E-01 0.3070E-02 0.1584E-02
   37.45 0.5080E-01 0.4279E-01 0.3810E-01 0.3895E-01 0.3108E-01 0.3268E-01 0.3487E-01 0.4492E-01 0.2862E-01 0.3421E-01 0.4071E-01 0.3639E-01 0.4261E-01 0.3735E-01 0.4956E-01 0.5052E-01 0.4763E-01 0.3774E-01 0.8460E-02 0.5821E-02
   35.22 0.4887E-01 0.3333E-01 0.3758E-01 0.3471E-01 0.4809E-01 0.3662E-01 0.3256E-01 0.3365E-01 0.4878E-01 0.4169E-01 0.4799E-01 0.3522E-01 0.4678E-01 0.5452E-01 0.5295E-01 0.5257E-01 0.5059E-01 0.4386E-01 0.1347E-01 0.1056E-01
   32.98 0.6123E-01 0.4038E-01 0.2982E-01 0.3020E-01 0.3258E-01 0.4328E-01 0.3152E-01 0.4811E-01 0.4367E-01 0.2304E-01 0.5392E-01 0.4620E-01 0.5646E-01 0.5073E-01 0.5429E-01 0.6311E-01 0.5925E-01 0.4480E-01 0.1891E-01 0.1669E-01
   30.75 0.4336E-01 0.4896E-01 0.3604E-01 0.4099E-01 0.3059E-01 0.3809E-01 0.4449E-01 0.3917E-01 0.3720E-01 0.3664E-01 0.4988E-01 0.5146E-01 0.4545E-01 0.5037E-01 0.6615E-01 0.6368E-01 0.6170E-01 0.5089E-01 0.2544E-01 0.2312E-01
   28.51 0.5321E-01 0.1998E-01 0.3442E-01 0.2147E-01 0.3662E-01 0.1945E-01 0.1999E-01 0.4303E-01 0.4914E-01 0.3057E-01 0.5495E-01 0.3086E-01 0.5494E-01 0.6186E-01 0.6961E-01 0.6933E-01 0.6876E-01 0.5956E-01 0.3289E-01 0.2974E-01
   26.28 0.1540E-01 0.3297E-01 0.4277E-01 0.2526E-01 0.3102E-01 0.2813E-01 0.3053E-01 0.1650E-01 0.3269E-01 0.4649E-01 0.2138E-01 0.4039E-01 0.2505E-01 0.4649E-01 0.7202E-01 0.7019E-01 0.6814E-01 0.6772E-01 0.4085E-01 0.3588E-01
   24.04 0.3441E-01 0.8308E-02 0.3435E-01 0.1040E-01 0.4308E-01 0.4956E-02 0.7322E-02 0.2714E-01 0.6746E-01 0.3413E-01 0.5717E-01 0.2631E-01 0.5895E-01 0.7404E-01 0.6677E-01 0.7482E-01 0.7881E-01 0.7311E-01 0.4848E-01 0.4162E-01
   21.80 0.3872E-01 0.2558E-01 0.1847E-01 0.3488E-01 0.1193E-02 0.1838E-01 0.3519E-01 0.4420E-01 0.1541E-01 0.6086E-02 0.3519E-01 0.4143E-01 0.4729E-01 0.4090E-01 0.7752E-01 0.8113E-01 0.8200E-01 0.6874E-01 0.5476E-01 0.4765E-01
   19.57 -.2627E-02 0.3422E-01 0.1519E-01 0.4017E-01 0.1035E-02 0.4607E-01 0.4449E-01 0.2160E-02 -.9917E-02 0.1337E-01 -.2050E-02 0.5238E-01 0.2173E-01 0.2012E-01 0.7765E-01 0.7643E-01 0.7677E-01 0.7518E-01 0.6254E-01 0.5306E-01
   17.33 0.6863E-02 0.1115E-01 -.3841E-01 -.4013E-02 0.2538E-01 0.2222E-01 0.1751E-01 0.1222E-01 0.2043E-01 -.7085E-02 0.1622E-01 0.3557E-01 0.2874E-01 0.3402E-01 0.6416E-01 0.8057E-01 0.7996E-01 0.8296E-01 0.7028E-01 0.5692E-01
   15.10 0.2366E-01 -.4471E-02 -.2437E-01 0.1599E-01 -.3816E-01 0.7200E-02 0.2013E-01 0.2644E-01 -.1407E-01 -.3801E-02 0.1615E-01 0.2196E-01 0.3268E-01 0.2241E-01 0.7627E-01 0.7804E-01 0.8158E-01 0.8840E-01 0.7797E-01 0.6020E-01
   12.86 -.3298E-01 0.2198E-01 -.4931E-01 0.3026E-02 -.2395E-01 -.1015E-01 0.4118E-02 0.1373E-02 0.1334E-01 -.5668E-02 0.4133E-01 0.2493E-01 0.3955E-01 0.5326E-01 0.5771E-01 0.8728E-01 0.9476E-01 0.9234E-01 0.8351E-01 0.6197E-01
   10.63 0.8589E-02 -.9424E-01 -.1157E+00 -.1283E+00 0.7583E-01 -.1121E-01 -.1075E+00 0.3338E-01 0.9460E-01 -.7827E-02 0.9520E-01 -.2647E-02 0.8686E-01 0.8918E-01 0.1797E-01 0.1152E+00 0.1118E+00 0.8595E-01 0.8357E-01 0.5932E-01
    8.39 0.4862E-02 -.2800E-01 -.3838E-01 -.5528E-01 -.6652E-01 0.4142E-01 -.4079E-01 0.9913E-01 -.2754E-01 -.7281E-01 0.5777E-02 0.6407E-01 0.4976E-01 0.1665E-01 0.5976E-01 0.1573E+00 0.1255E+00 0.6113E-01 0.7921E-01 0.5689E-01
    6.16 -.6088E-02 -.4279E-01 0.8571E-01 -.1818E-01 -.8241E-01 -.8541E-02 -.3739E-01 0.8518E-01 -.6463E-01 0.5711E-01 0.2898E-01 0.3664E-01 0.5060E-01 -.1299E-01 0.9271E-01 0.1604E+00 0.1243E+00 0.4324E-01 0.6985E-01 0.4452E-01
    3.93 0.2162E+00 -.2421E+00 -.1503E+00 -.2426E+00 0.2874E+00 -.1728E+00 -.2403E+00 0.1291E+00 0.1796E+00 0.2001E+00 0.2523E+00 -.1058E+00 0.2503E+00 0.8341E-01 0.4223E-01 0.1052E+00 0.9802E-01 0.4850E-01 0.5280E-01 0.1590E-01
    1.71 0.2294E+00 -.8028E-02 -.1349E+00 -.5805E-01 0.3060E+00 0.2081E+00 0.5917E-01 0.2944E+00 0.3306E+00 -.1042E+00 0.1192E+00 0.7626E-02 0.2247E+00 0.1518E+00 0.1267E-01 0.1618E-01 0.2882E-01 0.2963E-01 0.1913E-01 0.7110E-03
    0.00 -.1381E-17 0.6092E-18 0.5058E-18 -.2017E-17 0.5842E-18 0.3266E-18 0.1444E-17 -.1154E-17 0.9290E-18 -.3376E-18 -.2510E-18 0.3360E-18 0.7355E-18 -.5089E-19 0.3396E-18 0.2688E-18 0.5873E-19 -.7907E-19 -.3813E-19 -.4349E-19
  180.00 -.6690E+00 -.6046E+00 -.6727E+00 -.5913E+00 -.6984E+00 -.5603E+00 -.5691E+00 -.5136E+00 -.5688E+00 -.5765E+00 -.5080E+00 -.5024E+00 -.4900E+00 -.4792E+00 -.3913E+00 -.3012E+00 -.2845E+00 -.2291E+00 -.1370E+00 -.2150E+00
  178.29 -.2508E+00 -.2673E+00 -.3456E+00 -.3274E+00 -.3503E+00 -.2830E+00 -.3232E+00 -.3090E+00 -.3328E+00 -.3506E+00 -.3232E+00 -.3216E+00 -.3212E+00 -.3338E+00 -.3155E+00 -.2600E+00 -.2488E+00 -.2056E+00 -.1285E+00 -.2056E+00
  176.07 -.4761E-01 -.5848E-01 -.6555E-01 -.5899E-01 -.4260E-01 -.6814E-01 -.6542E-01 -.7192E-01 -.7419E-01 -.8557E-01 -.8407E-01 -.9552E-01 -.9259E-01 -.9550E-01 -.1376E+00 -.1400E+00 -.1381E+00 -.1269E+00 -.9624E-01 -.1691E+00
  173.84 0.3175E-02 0.1731E-01 0.3265E-01 0.2749E-01 0.4868E-01 0.3262E-01 0.3199E-01 0.3149E-01 0.3880E-01 0.2185E-01 0.2617E-01 0.2795E-01 0.2523E-01 0.3094E-01 -.8079E-02 -.3263E-01 -.3925E-01 -.4842E-01 -.5626E-01 -.1207E+00
  171.61 0.1140E-05 0.3996E-01 0.4976E-01 0.4741E-01 0.6726E-01 0.6448E-01 0.6316E-01 0.5892E-01 0.7020E-01 0.8288E-01 0.6082E-01 0.8150E-01 0.6339E-01 0.7691E-01 0.6013E-01 0.2914E-01 0.1973E-01 0.4709E-02 -.2321E-01 -.7973E-01
  169.37 0.1908E-01 0.4180E-01 0.4632E-01 0.5336E-01 0.6049E-01 0.5977E-01 0.7289E-01 0.6669E-01 0.7649E-01 0.9227E-01 0.8379E-01 0.9065E-01 0.8858E-01 0.9923E-01 0.8553E-01 0.5940E-01 0.5147E-01 0.3573E-01 -.1897E-02 -.5043E-01
  167.14 0.2717E-01 0.3830E-01 0.4299E-01 0.5131E-01 0.5233E-01 0.5505E-01 0.6505E-01 0.6819E-01 0.7742E-01 0.7882E-01 0.8207E-01 0.8333E-01 0.9232E-01 0.9987E-01 0.9028E-01 0.7164E-01 0.6535E-01 0.4756E-01 0.8737E-02 -.3114E-01
  164.90 0.2111E-01 0.3094E-01 0.3266E-01 0.4050E-01 0.4902E-01 0.4880E-01 0.5116E-01 0.5438E-01 0.6550E-01 0.6188E-01 0.7039E-01 0.7213E-01 0.7891E-01 0.8643E-01 0.8187E-01 0.7094E-01 0.6520E-01 0.4801E-01 0.1229E-01 -.1974E-01
  162.67 0.2219E-01 0.2209E-01 0.1968E-01 0.2295E-01 0.4282E-01 0.3560E-01 0.3504E-01 0.4365E-01 0.5516E-01 0.4866E-01 0.6001E-01 0.5539E-01 0.6284E-01 0.7217E-01 0.6694E-01 0.6287E-01 0.5766E-01 0.4372E-01 0.1232E-01 -.1300E-01
  160.43 0.1789E-01 0.2065E-01 0.2540E-01 0.2772E-01 0.2448E-01 0.2609E-01 0.3293E-01 0.3214E-01 0.3130E-01 0.3866E-01 0.3847E-01 0.4421E-01 0.4330E-01 0.4824E-01 0.5668E-01 0.5139E-01 0.4707E-01 0.3676E-01 0.1094E-01 -.9213E-02
  158.20 0.1086E-01 0.2202E-01 0.2194E-01 0.2610E-01 0.2209E-01 0.1958E-01 0.2900E-01 0.1909E-01 0.2176E-01 0.2705E-01 0.2297E-01 0.3241E-01 0.2712E-01 0.3422E-01 0.4575E-01 0.3966E-01 0.3719E-01 0.3125E-01 0.9397E-02 -.7372E-02
  155.96 0.6336E-02 0.1766E-01 0.1498E-01 0.1723E-01 0.1382E-01 0.1832E-01 0.1814E-01 0.9533E-02 0.1707E-01 0.2065E-01 0.1498E-01 0.1990E-01 0.1788E-01 0.2603E-01 0.3168E-01 0.3182E-01 0.3082E-01 0.2635E-01 0.8175E-02 -.6747E-02
  153.72 0.6852E-02 0.1202E-01 0.8123E-02 0.1002E-01 0.4933E-02 0.1389E-01 0.8711E-02 0.7617E-02 0.9721E-02 0.1163E-01 0.1060E-01 0.1318E-01 0.1193E-01 0.1634E-01 0.2217E-01 0.2476E-01 0.2501E-01 0.2224E-01 0.7022E-02 -.6019E-02
  151.49 0.1011E-01 0.7805E-02 0.7714E-02 0.4355E-02 0.6229E-02 0.2813E-02 0.3403E-02 0.5104E-02 0.6561E-02 0.5035E-02 0.5957E-02 0.5799E-02 0.7026E-02 0.9288E-02 0.1694E-01 0.1931E-01 0.1979E-01 0.1855E-01 0.5939E-02 -.4520E-02
  149.25 0.3408E-02 0.6973E-02 0.5303E-02 0.8134E-02 -.4406E-02 0.1179E-02 0.5799E-02 -.1016E-02 -.3672E-02 0.1023E-02 -.1033E-02 0.2399E-02 -.1157E-02 0.6653E-03 0.1245E-01 0.1571E-01 0.1525E-01 0.1453E-01 0.5071E-02 -.2637E-02
  147.02 -.1854E-02 0.2468E-02 0.7875E-03 0.2638E-02 -.8924E-02 0.2299E-02 -.1098E-02 -.5370E-02 -.9517E-02 -.4435E-02 -.1177E-01 -.8189E-04 -.8396E-02 -.7543E-02 0.9339E-02 0.1246E-01 0.1208E-01 0.1224E-01 0.4645E-02 -.8402E-03
  144.78 0.3871E-02 -.1843E-02 -.6997E-02 -.4708E-02 -.5100E-02 -.6222E-02 -.7005E-02 -.4379E-02 -.3457E-02 -.1110E-01 -.1686E-02 -.5140E-02 -.1491E-02 -.1345E-02 0.4422E-02 0.1071E-01 0.1212E-01 0.1181E-01 0.4806E-02 0.7542E-03
  142.55 0.3690E-02 -.3237E-02 -.6036E-02 -.6759E-02 -.6188E-02 -.7513E-02 -.7858E-02 -.5857E-02 -.4728E-02 -.1003E-01 -.1855E-02 -.7087E-02 -.1887E-02 -.2270E-02 0.2032E-02 0.1083E-01 0.1180E-01 0.1065E-01 0.5047E-02 0.2644E-02
  140.31 0.1003E-02 -.4906E-03 -.4566E-02 -.2985E-02 -.8547E-02 -.3747E-02 -.4544E-02 -.5475E-02 -.9257E-02 -.8744E-02 -.7821E-02 -.5361E-02 -.5703E-02 -.7466E-02 0.3084E-02 0.9944E-02 0.1021E-01 0.1010E-01 0.5428E-02 0.4859E-02
  138.07 0.3909E-02 -.1545E-02 -.1322E-02 -.2833E-02 -.5612E-02 -.4001E-02 -.6415E-02 -.4722E-02 -.6573E-02 -.6344E-02 -.5417E-02 -.4962E-02 -.5039E-02 -.4667E-02 0.4035E-02 0.9111E-02 0.9780E-02 0.1074E-01 0.6113E-02 0.7077E-02
  135.84 0.3686E-02 0.2584E-02 0.5687E-03 -.3639E-03 -.3657E-02 -.9062E-03 -.2041E-02 -.4531E-02 -.6388E-02 -.5478E-02 -.5557E-02 -.1817E-02 -.5043E-02 -.5657E-02 0.4784E-02 0.9556E-02 0.9912E-02 0.1108E-01 0.6868E-02 0.9234E-02
  133.60 0.5483E-02 0.3743E-02 0.1816E-02 0.1377E-02 -.2733E-02 0.1210E-03 0.1190E-03 -.2836E-02 -.3069E-02 -.4025E-02 -.3620E-02 -.1625E-02 -.3242E-02 -.2509E-02 0.5998E-02 0.1015E-01 0.1056E-01 0.1192E-01 0.7931E-02 0.1130E-01
  131.37 0.7733E-02 0.3395E-02 0.2723E-02 0.1864E-02 0.1570E-02 -.5519E-03 -.2138E-03 0.2047E-03 0.2650E-03 -.1575E-02 0.5945E-03 -.1822E-02 -.1389E-03 0.1216E-02 0.5955E-02 0.1122E-01 0.1240E-01 0.1343E-01 0.9252E-02 0.1330E-01
  129.13 0.9252E-02 0.5656E-02 0.2848E-02 0.2800E-02 0.3154E-02 0.2638E-02 0.1341E-02 0.2123E-02 0.2466E-02 -.5959E-04 0.2041E-02 0.6140E-03 0.1719E-02 0.2460E-02 0.5828E-02 0.1305E-01 0.1406E-01 0.1471E-01 0.1063E-01 0.1556E-01
  126.89 0.1005E-01 0.9660E-02 0.6657E-02 0.7743E-02 0.3868E-02 0.5484E-02 0.6082E-02 0.2631E-02 0.2781E-02 0.1492E-02 0.2189E-02 0.3806E-02 0.2229E-02 0.3297E-02 0.9324E-02 0.1356E-01 0.1447E-01 0.1601E-01 0.1204E-01 0.1804E-01
  124.66 0.1202E-01 0.1112E-01 0.9920E-02 0.1062E-01 0.5847E-02 0.6502E-02 0.8312E-02 0.4700E-02 0.5001E-02 0.4611E-02 0.4835E-02 0.5318E-02 0.4299E-02 0.4831E-02 0.1203E-01 0.1465E-01 0.1567E-01 0.1762E-01 0.1354E-01 0.2046E-01
  122.42 0.1533E-01 0.1150E-01 0.1182E-01 0.1067E-01 0.8329E-02 0.9057E-02 0.8142E-02 0.9390E-02 0.7772E-02 0.6758E-02 0.7942E-02 0.6561E-02 0.7744E-02 0.8108E-02 0.1310E-01 0.1749E-01 0.1841E-01 0.1929E-01 0.1529E-01 0.2299E-01
  120.19 0.1745E-01 0.1382E-01 0.1549E-01 0.1375E-01 0.1102E-01 0.1089E-01 0.1163E-01 0.1114E-01 0.1137E-01 0.1084E-01 0.1012E-01 0.8674E-02 0.1069E-01 0.1078E-01 0.1531E-01 0.1975E-01 0.2075E-01 0.2144E-01 0.1733E-01 0.2590E-01
  117.95 0.1920E-01 0.1731E-01 0.1805E-01 0.1579E-01 0.1724E-01 0.1477E-01 0.1378E-01 0.1355E-01 0.1559E-01 0.1492E-01 0.1476E-01 0.1245E-01 0.1389E-01 0.1455E-01 0.1802E-01 0.2159E-01 0.2272E-01 0.2419E-01 0.1954E-01 0.2918E-01
  115.71 0.2340E-01 0.2142E-01 0.2080E-01 0.1933E-01 0.2077E-01 0.1939E-01 0.1746E-01 0.1880E-01 0.1819E-01 0.1850E-01 0.1731E-01 0.1714E-01 0.1712E-01 0.1778E-01 0.2099E-01 0.2451E-01 0.2540E-01 0.2649E-01 0.2180E-01 0.3274E-01
  113.48 0.2876E-01 0.2607E-01 0.2497E-01 0.2433E-01 0.2453E-01 0.2359E-01 0.2312E-01 0.2405E-01 0.2348E-01 0.2142E-01 0.2203E-01 0.2182E-01 0.2205E-01 0.2157E-01 0.2462E-01 0.2785E-01 0.2843E-01 0.2881E-01 0.2426E-01 0.3657E-01
  111.24 0.3342E-01 0.2977E-01 0.2914E-01 0.2818E-01 0.2988E-01 0.2796E-01 0.2656E-01 0.2887E-01 0.2841E-01 0.2706E-01 0.2753E-01 0.2557E-01 0.2659E-01 0.2713E-01 0.2797E-01 0.3141E-01 0.3175E-01 0.3220E-01 0.2715E-01 0.4066E-01
  109.01 0.3871E-01 0.3540E-01 0.3451E-01 0.3344E-01 0.3556E-01 0.3395E-01 0.3181E-01 0.3461E-01 0.3487E-01 0.3169E-01 0.3284E-01 0.3073E-01 0.3248E-01 0.3297E-01 0.3221E-01 0.3524E-01 0.3596E-01 0.3595E-01 0.3046E-01 0.4536E-01
  106.77 0.4394E-01 0.4230E-01 0.3949E-01 0.4054E-01 0.3981E-01 0.4048E-01 0.3940E-01 0.3981E-01 0.3915E-01 0.3657E-01 0.3821E-01 0.3819E-01 0.3695E-01 0.3696E-01 0.3755E-01 0.3925E-01 0.3974E-01 0.3966E-01 0.3397E-01 0.5087E-01
  104.53 0.4893E-01 0.4943E-01 0.4668E-01 0.4823E-01 0.4568E-01 0.4787E-01 0.4690E-01 0.4436E-01 0.4426E-01 0.4231E-01 0.4311E-01 0.4527E-01 0.4189E-01 0.4224E-01 0.4395E-01 0.4320E-01 0.4345E-01 0.4383E-01 0.3778E-01 0.5688E-01
  102.30 0.5410E-01 0.5513E-01 0.5465E-01 0.5325E-01 0.5266E-01 0.5298E-01 0.5235E-01 0.5059E-01 0.5002E-01 0.5133E-01 0.4904E-01 0.5036E-01 0.4833E-01 0.4814E-01 0.4971E-01 0.4847E-01 0.4858E-01 0.4874E-01 0.4215E-01 0.6328E-01
  100.06 0.6134E-01 0.6112E-01 0.6084E-01 0.6034E-01 0.5916E-01 0.5888E-01 0.5942E-01 0.5850E-01 0.5816E-01 0.5776E-01 0.5701E-01 0.5677E-01 0.5619E-01 0.5565E-01 0.5594E-01 0.5448E-01 0.5446E-01 0.5412E-01 0.4711E-01 0.7042E-01
   97.83 0.6785E-01 0.6880E-01 0.6845E-01 0.6888E-01 0.6891E-01 0.6705E-01 0.6773E-01 0.6554E-01 0.6527E-01 0.6568E-01 0.6371E-01 0.6503E-01 0.6295E-01 0.6283E-01 0.6329E-01 0.6020E-01 0.6025E-01 0.6020E-01 0.5257E-01 0.7846E-01
   95.59 0.7685E-01 0.7676E-01 0.7807E-01 0.7666E-01 0.7705E-01 0.7590E-01 0.7571E-01 0.7385E-01 0.7512E-01 0.7409E-01 0.7321E-01 0.7268E-01 0.7315E-01 0.7182E-01 0.7134E-01 0.6706E-01 0.6714E-01 0.6698E-01 0.5863E-01 0.8736E-01
   93.35 0.8533E-01 0.8534E-01 0.8618E-01 0.8514E-01 0.8651E-01 0.8483E-01 0.8475E-01 0.8417E-01 0.8561E-01 0.8298E-01 0.8408E-01 0.8224E-01 0.8255E-01 0.8291E-01 0.7921E-01 0.7564E-01 0.7531E-01 0.7416E-01 0.6544E-01 0.9733E-01
   91.12 0.9712E-01 0.9551E-01 0.9534E-01 0.9554E-01 0.9704E-01 0.9583E-01 0.9492E-01 0.9560E-01 0.9508E-01 0.9429E-01 0.9365E-01 0.9357E-01 0.9302E-01 0.9109E-01 0.8861E-01 0.8433E-01 0.8369E-01 0.8221E-01 0.7313E-01 0.1086E+00
   90.00 0.1014E+00 0.1028E+00 0.1030E+00 0.1032E+00 0.1023E+00 0.1029E+00 0.1023E+00 0.9991E-01 0.1000E+00 0.1013E+00 0.9763E-01 0.1001E+00 0.9704E-01 0.9583E-01 0.9442E-01 0.8857E-01 0.8795E-01 0.8687E-01 0.7733E-01 0.1147E+00
   88.88 0.1085E+00 0.1066E+00 0.1084E+00 0.1065E+00 0.1114E+00 0.1068E+00 0.1060E+00 0.1068E+00 0.1085E+00 0.1076E+00 0.1051E+00 0.1050E+00 0.1038E+00 0.1037E+00 0.1003E+00 0.9326E-01 0.9257E-01 0.9205E-01 0.8178E-01 0.1210E+00
   86.65 0.1227E+00 0.1205E+00 0.1229E+00 0.1207E+00 0.1228E+00 0.1200E+00 0.1204E+00 0.1206E+00 0.1217E+00 0.1213E+00 0.1205E+00 0.1180E+00 0.1183E+00 0.1174E+00 0.1122E+00 0.1044E+00 0.1037E+00 0.1028E+00 0.9152E-01 0.1349E+00
   84.41 0.1359E+00 0.1394E+00 0.1364E+00 0.1378E+00 0.1353E+00 0.1381E+00 0.1378E+00 0.1366E+00 0.1365E+00 0.1336E+00 0.1350E+00 0.1355E+00 0.1336E+00 0.1310E+00 0.1246E+00 0.1175E+00 0.1167E+00 0.1139E+00 0.1025E+00 0.1504E+00
   82.17 0.1526E+00 0.1546E+00 0.1547E+00 0.1535E+00 0.1547E+00 0.1548E+00 0.1536E+00 0.1530E+00 0.1530E+00 0.1524E+00 0.1505E+00 0.1518E+00 0.1485E+00 0.1471E+00 0.1404E+00 0.1315E+00 0.1299E+00 0.1274E+00 0.1150E+00 0.1680E+00
   79.94 0.1725E+00 0.1734E+00 0.1747E+00 0.1736E+00 0.1779E+00 0.1729E+00 0.1739E+00 0.1714E+00 0.1746E+00 0.1730E+00 0.1714E+00 0.1697E+00 0.1683E+00 0.1667E+00 0.1577E+00 0.1464E+00 0.1452E+00 0.1435E+00 0.1293E+00 0.1880E+00
   77.70 0.1955E+00 0.1961E+00 0.1958E+00 0.1961E+00 0.1984E+00 0.1950E+00 0.1964E+00 0.1951E+00 0.1954E+00 0.1947E+00 0.1934E+00 0.1919E+00 0.1908E+00 0.1869E+00 0.1766E+00 0.1650E+00 0.1636E+00 0.1604E+00 0.1454E+00 0.2105E+00
   75.47 0.2190E+00 0.2231E+00 0.2213E+00 0.2234E+00 0.2223E+00 0.2221E+00 0.2238E+00 0.2203E+00 0.2197E+00 0.2176E+00 0.2168E+00 0.2181E+00 0.2131E+00 0.2097E+00 0.1994E+00 0.1858E+00 0.1837E+00 0.1795E+00 0.1638E+00 0.2361E+00
   73.23 0.2486E+00 0.2491E+00 0.2508E+00 0.2504E+00 0.2531E+00 0.2492E+00 0.2510E+00 0.2473E+00 0.2502E+00 0.2466E+00 0.2457E+00 0.2432E+00 0.2406E+00 0.2374E+00 0.2247E+00 0.2082E+00 0.2059E+00 0.2030E+00 0.1850E+00 0.2647E+00
   70.99 0.2824E+00 0.2792E+00 0.2819E+00 0.2815E+00 0.2905E+00 0.2783E+00 0.2811E+00 0.2812E+00 0.2849E+00 0.2803E+00 0.2781E+00 0.2729E+00 0.2739E+00 0.2692E+00 0.2518E+00 0.2348E+00 0.2331E+00 0.2294E+00 0.2093E+00 0.2971E+00
   68.76 0.3201E+00 0.3190E+00 0.3192E+00 0.3190E+00 0.3206E+00 0.3184E+00 0.3193E+00 0.3181E+00 0.3187E+00 0.3124E+00 0.3151E+00 0.3103E+00 0.3095E+00 0.3033E+00 0.2832E+00 0.2671E+00 0.2641E+00 0.2582E+00 0.2371E+00 0.3345E+00
   66.52 0.3625E+00 0.3622E+00 0.3610E+00 0.3619E+00 0.3627E+00 0.3617E+00 0.3617E+00 0.3615E+00 0.3576E+00 0.3543E+00 0.3531E+00 0.3532E+00 0.3469E+00 0.3389E+00 0.3211E+00 0.3016E+00 0.2983E+00 0.2918E+00 0.2691E+00 0.3777E+00
   64.29 0.4050E+00 0.4082E+00 0.4133E+00 0.4118E+00 0.4145E+00 0.4055E+00 0.4096E+00 0.4017E+00 0.4076E+00 0.4034E+00 0.3981E+00 0.3955E+00 0.3908E+00 0.3852E+00 0.3651E+00 0.3404E+00 0.3372E+00 0.3321E+00 0.3063E+00 0.4268E+00
   62.05 0.4611E+00 0.4621E+00 0.4672E+00 0.4645E+00 0.4667E+00 0.4596E+00 0.4628E+00 0.4567E+00 0.4602E+00 0.4578E+00 0.4532E+00 0.4467E+00 0.4444E+00 0.4363E+00 0.4115E+00 0.3868E+00 0.3837E+00 0.3778E+00 0.3494E+00 0.4825E+00
   59.81 0.5231E+00 0.5271E+00 0.5241E+00 0.5251E+00 0.5246E+00 0.5273E+00 0.5247E+00 0.5219E+00 0.5200E+00 0.5107E+00 0.5117E+00 0.5100E+00 0.5020E+00 0.4928E+00 0.4632E+00 0.4419E+00 0.4382E+00 0.4297E+00 0.3993E+00 0.5469E+00
   57.58 0.5967E+00 0.5984E+00 0.5968E+00 0.5968E+00 0.5924E+00 0.5944E+00 0.5949E+00 0.5904E+00 0.5850E+00 0.5799E+00 0.5793E+00 0.5767E+00 0.5697E+00 0.5563E+00 0.5296E+00 0.5027E+00 0.4987E+00 0.4904E+00 0.4575E+00 0.6212E+00
   55.34 0.6704E+00 0.6746E+00 0.6753E+00 0.6746E+00 0.6721E+00 0.6713E+00 0.6725E+00 0.6658E+00 0.6674E+00 0.6587E+00 0.6557E+00 0.6508E+00 0.6412E+00 0.6329E+00 0.6033E+00 0.5730E+00 0.5688E+00 0.5621E+00 0.5257E+00 0.7069E+00
   53.11 0.7734E+00 0.7598E+00 0.7636E+00 0.7572E+00 0.7672E+00 0.7585E+00 0.7553E+00 0.7593E+00 0.7576E+00 0.7497E+00 0.7486E+00 0.7348E+00 0.7362E+00 0.7196E+00 0.6819E+00 0.6561E+00 0.6533E+00 0.6450E+00 0.6058E+00 0.8058E+00
   50.87 0.8650E+00 0.8727E+00 0.8667E+00 0.8682E+00 0.8638E+00 0.8676E+00 0.8640E+00 0.8598E+00 0.8510E+00 0.8447E+00 0.8395E+00 0.8417E+00 0.8271E+00 0.8104E+00 0.7772E+00 0.7538E+00 0.7500E+00 0.7410E+00 0.6996E+00 0.9212E+00
   48.63 0.9886E+00 0.9942E+00 0.9803E+00 0.9830E+00 0.9705E+00 0.9881E+00 0.9794E+00 0.9746E+00 0.9651E+00 0.9528E+00 0.9568E+00 0.9587E+00 0.9404E+00 0.9233E+00 0.8919E+00 0.8647E+00 0.8608E+00 0.8539E+00 0.8103E+00 0.1055E+01
   46.40 0.1121E+01 0.1117E+01 0.1116E+01 0.1116E+01 0.1109E+01 0.1109E+01 0.1111E+01 0.1103E+01 0.1091E+01 0.1095E+01 0.1082E+01 0.1079E+01 0.1067E+01 0.1048E+01 0.1021E+01 0.9930E+00 0.9916E+00 0.9883E+00 0.9420E+00 0.1211E+01
   44.16 0.1274E+01 0.1274E+01 0.1262E+01 0.1262E+01 0.1257E+01 0.1264E+01 0.1257E+01 0.1255E+01 0.1241E+01 0.1234E+01 0.1233E+01 0.1229E+01 0.1222E+01 0.1199E+01 0.1164E+01 0.1147E+01 0.1148E+01 0.1147E+01 0.1098E+01 0.1391E+01
   41.93 0.1456E+01 0.1431E+01 0.1428E+01 0.1423E+01 0.1428E+01 0.1428E+01 0.1413E+01 0.1430E+01 0.1412E+01 0.1404E+01 0.1404E+01 0.1391E+01 0.1388E+01 0.1370E+01 0.1337E+01 0.1330E+01 0.1333E+01 0.1333E+01 0.1285E+01 0.1602E+01
   39.69 0.1640E+01 0.1642E+01 0.1616E+01 0.1624E+01 0.1602E+01 0.1634E+01 0.1618E+01 0.1620E+01 0.1594E+01 0.1586E+01 0.1589E+01 0.1595E+01 0.1577E+01 0.1556E+01 0.1538E+01 0.1543E+01 0.1546E+01 0.1552E+01 0.1507E+01 0.1851E+01
   37.45 0.1871E+01 0.1862E+01 0.1842E+01 0.1846E+01 0.1824E+01 0.1846E+01 0.1839E+01 0.1832E+01 0.1806E+01 0.1814E+01 0.1799E+01 0.1816E+01 0.1795E+01 0.1772E+01 0.1781E+01 0.1788E+01 0.1796E+01 0.1816E+01 0.1775E+01 0.2143E+01
   35.22 0.2115E+01 0.2107E+01 0.2088E+01 0.2085E+01 0.2082E+01 0.2098E+01 0.2073E+01 0.2085E+01 0.2062E+01 0.2056E+01 0.2060E+01 0.2059E+01 0.2053E+01 0.2040E+01 0.2054E+01 0.2085E+01 0.2101E+01 0.2132E+01 0.2098E+01 0.2484E+01
   32.98 0.2402E+01 0.2378E+01 0.2378E+01 0.2365E+01 0.2357E+01 0.2370E+01 0.2350E+01 0.2375E+01 0.2357E+01 0.2345E+01 0.2356E+01 0.2338E+01 0.2349E+01 0.2343E+01 0.2378E+01 0.2440E+01 0.2465E+01 0.2507E+01 0.2488E+01 0.2883E+01
   30.75 0.2746E+01 0.2693E+01 0.2668E+01 0.2674E+01 0.2682E+01 0.2685E+01 0.2663E+01 0.2711E+01 0.2678E+01 0.2661E+01 0.2684E+01 0.2667E+01 0.2694E+01 0.2687E+01 0.2754E+01 0.2867E+01 0.2898E+01 0.2959E+01 0.2961E+01 0.3356E+01
   28.51 0.3087E+01 0.3085E+01 0.3051E+01 0.3063E+01 0.3039E+01 0.3075E+01 0.3044E+01 0.3067E+01 0.3047E+01 0.3024E+01 0.3058E+01 0.3063E+01 0.3070E+01 0.3085E+01 0.3225E+01 0.3364E+01 0.3408E+01 0.3504E+01 0.3538E+01 0.3916E+01
   26.28 0.3518E+01 0.3484E+01 0.3488E+01 0.3479E+01 0.3459E+01 0.3484E+01 0.3458E+01 0.3490E+01 0.3483E+01 0.3477E+01 0.3512E+01 0.3489E+01 0.3538E+01 0.3575E+01 0.3779E+01 0.3965E+01 0.4033E+01 0.4168E+01 0.4244E+01 0.4576E+01
   24.04 0.3996E+01 0.3970E+01 0.3958E+01 0.3959E+01 0.3958E+01 0.3962E+01 0.3951E+01 0.3990E+01 0.3982E+01 0.3987E+01 0.4018E+01 0.4013E+01 0.4078E+01 0.4138E+01 0.4433E+01 0.4710E+01 0.4800E+01 0.4975E+01 0.5113E+01 0.5358E+01
   21.80 0.4553E+01 0.4506E+01 0.4519E+01 0.4510E+01 0.4538E+01 0.4498E+01 0.4511E+01 0.4578E+01 0.4603E+01 0.4600E+01 0.4661E+01 0.4607E+01 0.4736E+01 0.4851E+01 0.5241E+01 0.5622E+01 0.5740E+01 0.5972E+01 0.6192E+01 0.6284E+01
   19.57 0.5223E+01 0.5161E+01 0.5173E+01 0.5177E+01 0.5214E+01 0.5185E+01 0.5189E+01 0.5286E+01 0.5321E+01 0.5324E+01 0.5421E+01 0.5372E+01 0.5546E+01 0.5703E+01 0.6259E+01 0.6755E+01 0.6904E+01 0.7201E+01 0.7537E+01 0.7396E+01
   17.33 0.5987E+01 0.6018E+01 0.5986E+01 0.6017E+01 0.6014E+01 0.6087E+01 0.6082E+01 0.6138E+01 0.6186E+01 0.6244E+01 0.6349E+01 0.6408E+01 0.6540E+01 0.6755E+01 0.7578E+01 0.8181E+01 0.8366E+01 0.8749E+01 0.9235E+01 0.8738E+01
   15.10 0.6944E+01 0.7041E+01 0.7055E+01 0.7086E+01 0.7099E+01 0.7165E+01 0.7221E+01 0.7267E+01 0.7378E+01 0.7532E+01 0.7594E+01 0.7715E+01 0.7878E+01 0.8211E+01 0.9324E+01 0.1005E+02 0.1028E+02 0.1075E+02 0.1142E+02 0.1037E+02
   12.86 0.8360E+01 0.8453E+01 0.8477E+01 0.8568E+01 0.8595E+01 0.8686E+01 0.8794E+01 0.8968E+01 0.9101E+01 0.9338E+01 0.9459E+01 0.9567E+01 0.9875E+01 0.1033E+02 0.1172E+02 0.1261E+02 0.1287E+02 0.1340E+02 0.1428E+02 0.1236E+02
   10.63 0.1048E+02 0.1068E+02 0.1067E+02 0.1091E+02 0.1105E+02 0.1118E+02 0.1134E+02 0.1166E+02 0.1188E+02 0.1213E+02 0.1245E+02 0.1254E+02 0.1305E+02 0.1362E+02 0.1526E+02 0.1632E+02 0.1655E+02 0.1706E+02 0.1817E+02 0.1486E+02
    8.39 0.1428E+02 0.1474E+02 0.1494E+02 0.1523E+02 0.1556E+02 0.1571E+02 0.1599E+02 0.1644E+02 0.1691E+02 0.1738E+02 0.1773E+02 0.1786E+02 0.1854E+02 0.1933E+02 0.2099E+02 0.2194E+02 0.2205E+02 0.2235E+02 0.2364E+02 0.1806E+02
    6.16 0.2303E+02 0.2420E+02 0.2436E+02 0.2504E+02 0.2540E+02 0.2597E+02 0.2641E+02 0.2712E+02 0.2766E+02 0.2830E+02 0.2876E+02 0.2904E+02 0.2973E+02 0.3042E+02 0.3118E+02 0.3136E+02 0.3106E+02 0.3053E+02 0.3181E+02 0.2227E+02
    3.93 0.5041E+02 0.5283E+02 0.5323E+02 0.5418E+02 0.5468E+02 0.5540E+02 0.5590E+02 0.5626E+02 0.5656E+02 0.5694E+02 0.5688E+02 0.5738E+02 0.5676E+02 0.5623E+02 0.5193E+02 0.4879E+02 0.4719E+02 0.4430E+02 0.4479E+02 0.2775E+02
    1.71 0.1998E+03 0.1950E+03 0.1940E+03 0.1902E+03 0.1869E+03 0.1833E+03 0.1804E+03 0.1742E+03 0.1693E+03 0.1642E+03 0.1580E+03 0.1552E+03 0.1462E+03 0.1351E+03 0.1017E+03 0.8473E+02 0.7879E+02 0.6829E+02 0.6470E+02 0.3291E+02
    0.00 0.1115E+04 0.8938E+03 0.8520E+03 0.7534E+03 0.6903E+03 0.6466E+03 0.5914E+03 0.5324E+03 0.4757E+03 0.4258E+03 0.3874E+03 0.3661E+03 0.3167E+03 0.2610E+03 0.1489E+03 0.1103E+03 0.9907E+02 0.8077E+02 0.7353E+02 0.3449E+02
