   TETA    0.3500     0.4000     0.4120     0.4430     0.4700     0.4880     0.5150     0.5500     0.5900     0.6330     0.6700     0.6940     0.7600     0.8600     1.2400     1.5360     1.6500     1.9500     2.2500     3.7500
  180.00 0.4132E+00 0.3933E+00 0.3907E+00 0.3816E+00 0.3782E+00 0.3722E+00 0.3651E+00 0.3581E+00 0.3536E+00 0.3459E+00 0.3443E+00 0.3430E+00 0.3357E+00 0.3289E+00 0.3372E+00 0.3475E+00 0.3544E+00 0.3475E+00 0.3436E+00 0.3119E+00
  178.29 0.4073E+00 0.3885E+00 0.3860E+00 0.3773E+00 0.3740E+00 0.3683E+00 0.3615E+00 0.3546E+00 0.3504E+00 0.3431E+00 0.3415E+00 0.3404E+00 0.3332E+00 0.3267E+00 0.3350E+00 0.3443E+00 0.3506E+00 0.3439E+00 0.3405E+00 0.3092E+00
  176.07 0.3866E+00 0.3714E+00 0.3693E+00 0.3623E+00 0.3594E+00 0.3549E+00 0.3493E+00 0.3433E+00 0.3401E+00 0.3343E+00 0.3331E+00 0.3323E+00 0.3264E+00 0.3213E+00 0.3317E+00 0.3400E+00 0.3444E+00 0.3380E+00 0.3370E+00 0.3037E+00
  173.84 0.3578E+00 0.3471E+00 0.3455E+00 0.3406E+00 0.3383E+00 0.3353E+00 0.3312E+00 0.3264E+00 0.3246E+00 0.3208E+00 0.3203E+00 0.3201E+00 0.3160E+00 0.3132E+00 0.3282E+00 0.3381E+00 0.3422E+00 0.3392E+00 0.3393E+00 0.3046E+00
  171.61 0.3293E+00 0.3221E+00 0.3211E+00 0.3178E+00 0.3163E+00 0.3147E+00 0.3119E+00 0.3084E+00 0.3079E+00 0.3057E+00 0.3060E+00 0.3065E+00 0.3043E+00 0.3038E+00 0.3244E+00 0.3384E+00 0.3433E+00 0.3427E+00 0.3392E+00 0.3082E+00
  169.37 0.3057E+00 0.3010E+00 0.3006E+00 0.2985E+00 0.2978E+00 0.2967E+00 0.2950E+00 0.2924E+00 0.2930E+00 0.2920E+00 0.2929E+00 0.2937E+00 0.2932E+00 0.2949E+00 0.3210E+00 0.3402E+00 0.3452E+00 0.3421E+00 0.3363E+00 0.3090E+00
  167.14 0.2892E+00 0.2859E+00 0.2857E+00 0.2842E+00 0.2839E+00 0.2831E+00 0.2820E+00 0.2800E+00 0.2812E+00 0.2811E+00 0.2823E+00 0.2832E+00 0.2839E+00 0.2874E+00 0.3184E+00 0.3413E+00 0.3445E+00 0.3385E+00 0.3326E+00 0.3065E+00
  164.90 0.2793E+00 0.2763E+00 0.2760E+00 0.2749E+00 0.2746E+00 0.2742E+00 0.2732E+00 0.2717E+00 0.2728E+00 0.2730E+00 0.2743E+00 0.2756E+00 0.2767E+00 0.2815E+00 0.3158E+00 0.3397E+00 0.3413E+00 0.3341E+00 0.3289E+00 0.3026E+00
  162.67 0.2734E+00 0.2704E+00 0.2700E+00 0.2689E+00 0.2686E+00 0.2682E+00 0.2673E+00 0.2659E+00 0.2670E+00 0.2671E+00 0.2686E+00 0.2699E+00 0.2713E+00 0.2766E+00 0.3121E+00 0.3361E+00 0.3369E+00 0.3296E+00 0.3253E+00 0.2982E+00
  160.43 0.2689E+00 0.2660E+00 0.2658E+00 0.2645E+00 0.2643E+00 0.2636E+00 0.2627E+00 0.2615E+00 0.2625E+00 0.2627E+00 0.2640E+00 0.2651E+00 0.2668E+00 0.2722E+00 0.3076E+00 0.3311E+00 0.3320E+00 0.3255E+00 0.3219E+00 0.2939E+00
  158.20 0.2643E+00 0.2618E+00 0.2616E+00 0.2604E+00 0.2601E+00 0.2595E+00 0.2587E+00 0.2573E+00 0.2584E+00 0.2585E+00 0.2598E+00 0.2608E+00 0.2624E+00 0.2675E+00 0.3023E+00 0.3258E+00 0.3273E+00 0.3216E+00 0.3183E+00 0.2897E+00
  155.96 0.2589E+00 0.2570E+00 0.2567E+00 0.2558E+00 0.2555E+00 0.2551E+00 0.2545E+00 0.2532E+00 0.2541E+00 0.2545E+00 0.2556E+00 0.2566E+00 0.2582E+00 0.2630E+00 0.2965E+00 0.3203E+00 0.3224E+00 0.3180E+00 0.3148E+00 0.2857E+00
  153.72 0.2528E+00 0.2513E+00 0.2512E+00 0.2506E+00 0.2505E+00 0.2503E+00 0.2498E+00 0.2488E+00 0.2498E+00 0.2502E+00 0.2515E+00 0.2525E+00 0.2540E+00 0.2588E+00 0.2907E+00 0.3144E+00 0.3174E+00 0.3144E+00 0.3112E+00 0.2819E+00
  151.49 0.2459E+00 0.2452E+00 0.2451E+00 0.2449E+00 0.2451E+00 0.2451E+00 0.2448E+00 0.2442E+00 0.2452E+00 0.2458E+00 0.2471E+00 0.2482E+00 0.2499E+00 0.2546E+00 0.2853E+00 0.3082E+00 0.3123E+00 0.3110E+00 0.3076E+00 0.2781E+00
  149.25 0.2388E+00 0.2389E+00 0.2389E+00 0.2392E+00 0.2395E+00 0.2396E+00 0.2396E+00 0.2393E+00 0.2405E+00 0.2414E+00 0.2428E+00 0.2440E+00 0.2458E+00 0.2505E+00 0.2803E+00 0.3021E+00 0.3068E+00 0.3078E+00 0.3040E+00 0.2745E+00
  147.02 0.2316E+00 0.2325E+00 0.2328E+00 0.2333E+00 0.2338E+00 0.2342E+00 0.2344E+00 0.2344E+00 0.2358E+00 0.2370E+00 0.2386E+00 0.2397E+00 0.2419E+00 0.2465E+00 0.2756E+00 0.2957E+00 0.3014E+00 0.3045E+00 0.3004E+00 0.2708E+00
  144.78 0.2249E+00 0.2264E+00 0.2268E+00 0.2276E+00 0.2285E+00 0.2289E+00 0.2294E+00 0.2297E+00 0.2313E+00 0.2327E+00 0.2344E+00 0.2357E+00 0.2380E+00 0.2426E+00 0.2712E+00 0.2897E+00 0.2959E+00 0.3013E+00 0.2968E+00 0.2672E+00
  142.55 0.2187E+00 0.2208E+00 0.2212E+00 0.2224E+00 0.2233E+00 0.2240E+00 0.2247E+00 0.2253E+00 0.2270E+00 0.2287E+00 0.2304E+00 0.2318E+00 0.2344E+00 0.2392E+00 0.2671E+00 0.2844E+00 0.2904E+00 0.2980E+00 0.2934E+00 0.2636E+00
  140.31 0.2131E+00 0.2157E+00 0.2162E+00 0.2176E+00 0.2187E+00 0.2195E+00 0.2203E+00 0.2212E+00 0.2231E+00 0.2250E+00 0.2269E+00 0.2282E+00 0.2311E+00 0.2360E+00 0.2635E+00 0.2793E+00 0.2852E+00 0.2948E+00 0.2901E+00 0.2600E+00
  138.07 0.2084E+00 0.2111E+00 0.2117E+00 0.2133E+00 0.2146E+00 0.2155E+00 0.2165E+00 0.2175E+00 0.2196E+00 0.2216E+00 0.2237E+00 0.2250E+00 0.2280E+00 0.2331E+00 0.2603E+00 0.2747E+00 0.2803E+00 0.2914E+00 0.2870E+00 0.2562E+00
  135.84 0.2042E+00 0.2073E+00 0.2078E+00 0.2097E+00 0.2110E+00 0.2120E+00 0.2132E+00 0.2143E+00 0.2166E+00 0.2187E+00 0.2208E+00 0.2224E+00 0.2255E+00 0.2305E+00 0.2576E+00 0.2705E+00 0.2759E+00 0.2879E+00 0.2840E+00 0.2524E+00
  133.60 0.2009E+00 0.2041E+00 0.2047E+00 0.2066E+00 0.2080E+00 0.2092E+00 0.2104E+00 0.2117E+00 0.2140E+00 0.2163E+00 0.2185E+00 0.2201E+00 0.2233E+00 0.2285E+00 0.2552E+00 0.2669E+00 0.2721E+00 0.2845E+00 0.2812E+00 0.2487E+00
  131.37 0.1983E+00 0.2016E+00 0.2023E+00 0.2042E+00 0.2057E+00 0.2069E+00 0.2082E+00 0.2097E+00 0.2120E+00 0.2145E+00 0.2167E+00 0.2183E+00 0.2216E+00 0.2269E+00 0.2534E+00 0.2639E+00 0.2687E+00 0.2813E+00 0.2785E+00 0.2451E+00
  129.13 0.1963E+00 0.1998E+00 0.2005E+00 0.2025E+00 0.2041E+00 0.2053E+00 0.2067E+00 0.2083E+00 0.2107E+00 0.2132E+00 0.2155E+00 0.2171E+00 0.2206E+00 0.2259E+00 0.2521E+00 0.2614E+00 0.2658E+00 0.2783E+00 0.2760E+00 0.2417E+00
  126.89 0.1951E+00 0.1986E+00 0.1995E+00 0.2015E+00 0.2032E+00 0.2043E+00 0.2058E+00 0.2075E+00 0.2100E+00 0.2126E+00 0.2149E+00 0.2164E+00 0.2201E+00 0.2254E+00 0.2513E+00 0.2594E+00 0.2635E+00 0.2757E+00 0.2739E+00 0.2386E+00
  124.66 0.1946E+00 0.1983E+00 0.1992E+00 0.2011E+00 0.2030E+00 0.2040E+00 0.2055E+00 0.2073E+00 0.2099E+00 0.2125E+00 0.2150E+00 0.2165E+00 0.2203E+00 0.2255E+00 0.2512E+00 0.2580E+00 0.2620E+00 0.2735E+00 0.2720E+00 0.2358E+00
  122.42 0.1949E+00 0.1987E+00 0.1995E+00 0.2016E+00 0.2034E+00 0.2045E+00 0.2060E+00 0.2079E+00 0.2105E+00 0.2132E+00 0.2156E+00 0.2171E+00 0.2210E+00 0.2263E+00 0.2517E+00 0.2574E+00 0.2611E+00 0.2718E+00 0.2704E+00 0.2334E+00
  120.19 0.1960E+00 0.1999E+00 0.2007E+00 0.2028E+00 0.2045E+00 0.2057E+00 0.2073E+00 0.2091E+00 0.2118E+00 0.2146E+00 0.2170E+00 0.2186E+00 0.2225E+00 0.2277E+00 0.2530E+00 0.2574E+00 0.2608E+00 0.2708E+00 0.2694E+00 0.2315E+00
  117.95 0.1979E+00 0.2018E+00 0.2026E+00 0.2047E+00 0.2065E+00 0.2077E+00 0.2093E+00 0.2112E+00 0.2139E+00 0.2167E+00 0.2191E+00 0.2208E+00 0.2247E+00 0.2300E+00 0.2551E+00 0.2582E+00 0.2612E+00 0.2706E+00 0.2689E+00 0.2302E+00
  115.71 0.2006E+00 0.2045E+00 0.2053E+00 0.2074E+00 0.2092E+00 0.2104E+00 0.2121E+00 0.2140E+00 0.2168E+00 0.2196E+00 0.2222E+00 0.2238E+00 0.2278E+00 0.2331E+00 0.2579E+00 0.2597E+00 0.2625E+00 0.2711E+00 0.2691E+00 0.2293E+00
  113.48 0.2041E+00 0.2079E+00 0.2088E+00 0.2110E+00 0.2128E+00 0.2140E+00 0.2157E+00 0.2178E+00 0.2206E+00 0.2235E+00 0.2261E+00 0.2277E+00 0.2318E+00 0.2371E+00 0.2617E+00 0.2621E+00 0.2647E+00 0.2724E+00 0.2700E+00 0.2292E+00
  111.24 0.2085E+00 0.2124E+00 0.2133E+00 0.2154E+00 0.2174E+00 0.2186E+00 0.2203E+00 0.2225E+00 0.2253E+00 0.2283E+00 0.2309E+00 0.2326E+00 0.2368E+00 0.2420E+00 0.2666E+00 0.2654E+00 0.2679E+00 0.2746E+00 0.2718E+00 0.2298E+00
  109.01 0.2139E+00 0.2178E+00 0.2187E+00 0.2209E+00 0.2229E+00 0.2241E+00 0.2259E+00 0.2282E+00 0.2310E+00 0.2341E+00 0.2368E+00 0.2385E+00 0.2428E+00 0.2481E+00 0.2725E+00 0.2699E+00 0.2721E+00 0.2778E+00 0.2745E+00 0.2313E+00
  106.77 0.2203E+00 0.2242E+00 0.2251E+00 0.2274E+00 0.2294E+00 0.2306E+00 0.2326E+00 0.2348E+00 0.2378E+00 0.2409E+00 0.2437E+00 0.2455E+00 0.2498E+00 0.2552E+00 0.2797E+00 0.2755E+00 0.2775E+00 0.2822E+00 0.2783E+00 0.2335E+00
  104.53 0.2277E+00 0.2318E+00 0.2327E+00 0.2350E+00 0.2371E+00 0.2383E+00 0.2403E+00 0.2427E+00 0.2458E+00 0.2490E+00 0.2519E+00 0.2537E+00 0.2581E+00 0.2636E+00 0.2881E+00 0.2823E+00 0.2840E+00 0.2877E+00 0.2831E+00 0.2367E+00
  102.30 0.2363E+00 0.2404E+00 0.2415E+00 0.2438E+00 0.2460E+00 0.2473E+00 0.2493E+00 0.2519E+00 0.2551E+00 0.2583E+00 0.2614E+00 0.2632E+00 0.2679E+00 0.2733E+00 0.2981E+00 0.2905E+00 0.2920E+00 0.2944E+00 0.2893E+00 0.2409E+00
  100.06 0.2462E+00 0.2504E+00 0.2514E+00 0.2539E+00 0.2563E+00 0.2575E+00 0.2597E+00 0.2624E+00 0.2656E+00 0.2691E+00 0.2722E+00 0.2741E+00 0.2789E+00 0.2845E+00 0.3095E+00 0.3002E+00 0.3013E+00 0.3027E+00 0.2967E+00 0.2462E+00
   97.83 0.2575E+00 0.2618E+00 0.2629E+00 0.2655E+00 0.2679E+00 0.2693E+00 0.2715E+00 0.2744E+00 0.2778E+00 0.2814E+00 0.2847E+00 0.2867E+00 0.2916E+00 0.2973E+00 0.3227E+00 0.3114E+00 0.3122E+00 0.3125E+00 0.3056E+00 0.2526E+00
   95.59 0.2702E+00 0.2747E+00 0.2759E+00 0.2786E+00 0.2812E+00 0.2827E+00 0.2850E+00 0.2880E+00 0.2916E+00 0.2954E+00 0.2988E+00 0.3009E+00 0.3060E+00 0.3120E+00 0.3377E+00 0.3245E+00 0.3250E+00 0.3238E+00 0.3161E+00 0.2603E+00
   93.35 0.2846E+00 0.2894E+00 0.2906E+00 0.2935E+00 0.2962E+00 0.2977E+00 0.3003E+00 0.3035E+00 0.3072E+00 0.3112E+00 0.3148E+00 0.3170E+00 0.3224E+00 0.3286E+00 0.3549E+00 0.3395E+00 0.3397E+00 0.3370E+00 0.3282E+00 0.2694E+00
   91.12 0.3008E+00 0.3060E+00 0.3073E+00 0.3103E+00 0.3131E+00 0.3148E+00 0.3174E+00 0.3208E+00 0.3248E+00 0.3291E+00 0.3328E+00 0.3352E+00 0.3408E+00 0.3472E+00 0.3743E+00 0.3567E+00 0.3564E+00 0.3521E+00 0.3423E+00 0.2800E+00
   90.00 0.3096E+00 0.3150E+00 0.3163E+00 0.3195E+00 0.3223E+00 0.3241E+00 0.3269E+00 0.3303E+00 0.3344E+00 0.3389E+00 0.3427E+00 0.3451E+00 0.3509E+00 0.3574E+00 0.3848E+00 0.3661E+00 0.3656E+00 0.3606E+00 0.3501E+00 0.2859E+00
   88.88 0.3190E+00 0.3246E+00 0.3259E+00 0.3292E+00 0.3320E+00 0.3340E+00 0.3368E+00 0.3403E+00 0.3446E+00 0.3492E+00 0.3531E+00 0.3556E+00 0.3615E+00 0.3682E+00 0.3960E+00 0.3761E+00 0.3755E+00 0.3695E+00 0.3584E+00 0.2922E+00
   86.65 0.3395E+00 0.3453E+00 0.3467E+00 0.3502E+00 0.3534E+00 0.3555E+00 0.3585E+00 0.3623E+00 0.3669E+00 0.3717E+00 0.3758E+00 0.3785E+00 0.3848E+00 0.3919E+00 0.4203E+00 0.3981E+00 0.3971E+00 0.3890E+00 0.3766E+00 0.3061E+00
   84.41 0.3624E+00 0.3685E+00 0.3701E+00 0.3739E+00 0.3774E+00 0.3795E+00 0.3827E+00 0.3870E+00 0.3918E+00 0.3969E+00 0.4014E+00 0.4042E+00 0.4109E+00 0.4184E+00 0.4476E+00 0.4228E+00 0.4214E+00 0.4112E+00 0.3971E+00 0.3218E+00
   82.17 0.3880E+00 0.3946E+00 0.3963E+00 0.4004E+00 0.4042E+00 0.4065E+00 0.4099E+00 0.4146E+00 0.4197E+00 0.4252E+00 0.4299E+00 0.4329E+00 0.4401E+00 0.4479E+00 0.4782E+00 0.4505E+00 0.4486E+00 0.4360E+00 0.4203E+00 0.3397E+00
   79.94 0.4165E+00 0.4238E+00 0.4256E+00 0.4301E+00 0.4342E+00 0.4366E+00 0.4404E+00 0.4453E+00 0.4509E+00 0.4568E+00 0.4618E+00 0.4650E+00 0.4726E+00 0.4808E+00 0.5122E+00 0.4816E+00 0.4793E+00 0.4639E+00 0.4462E+00 0.3598E+00
   77.70 0.4484E+00 0.4565E+00 0.4585E+00 0.4633E+00 0.4676E+00 0.4703E+00 0.4744E+00 0.4797E+00 0.4857E+00 0.4920E+00 0.4975E+00 0.5008E+00 0.5089E+00 0.5177E+00 0.5500E+00 0.5163E+00 0.5134E+00 0.4950E+00 0.4751E+00 0.3824E+00
   75.47 0.4842E+00 0.4930E+00 0.4951E+00 0.5004E+00 0.5051E+00 0.5080E+00 0.5124E+00 0.5181E+00 0.5247E+00 0.5314E+00 0.5372E+00 0.5407E+00 0.5494E+00 0.5587E+00 0.5920E+00 0.5550E+00 0.5515E+00 0.5296E+00 0.5073E+00 0.4077E+00
   73.23 0.5242E+00 0.5338E+00 0.5361E+00 0.5418E+00 0.5468E+00 0.5501E+00 0.5549E+00 0.5610E+00 0.5680E+00 0.5753E+00 0.5815E+00 0.5852E+00 0.5944E+00 0.6043E+00 0.6386E+00 0.5982E+00 0.5939E+00 0.5682E+00 0.5430E+00 0.4358E+00
   70.99 0.5690E+00 0.5793E+00 0.5818E+00 0.5880E+00 0.5935E+00 0.5971E+00 0.6022E+00 0.6089E+00 0.6163E+00 0.6242E+00 0.6308E+00 0.6349E+00 0.6446E+00 0.6550E+00 0.6900E+00 0.6461E+00 0.6411E+00 0.6109E+00 0.5826E+00 0.4673E+00
   68.76 0.6190E+00 0.6303E+00 0.6329E+00 0.6397E+00 0.6457E+00 0.6496E+00 0.6551E+00 0.6623E+00 0.6703E+00 0.6787E+00 0.6857E+00 0.6902E+00 0.7004E+00 0.7114E+00 0.7472E+00 0.6994E+00 0.6933E+00 0.6582E+00 0.6263E+00 0.5023E+00
   66.52 0.6747E+00 0.6872E+00 0.6901E+00 0.6976E+00 0.7040E+00 0.7082E+00 0.7142E+00 0.7220E+00 0.7306E+00 0.7395E+00 0.7470E+00 0.7516E+00 0.7626E+00 0.7741E+00 0.8104E+00 0.7583E+00 0.7512E+00 0.7107E+00 0.6748E+00 0.5414E+00
   64.29 0.7371E+00 0.7509E+00 0.7543E+00 0.7623E+00 0.7692E+00 0.7737E+00 0.7802E+00 0.7887E+00 0.7979E+00 0.8073E+00 0.8153E+00 0.8201E+00 0.8317E+00 0.8437E+00 0.8802E+00 0.8235E+00 0.8155E+00 0.7686E+00 0.7281E+00 0.5851E+00
   62.05 0.8072E+00 0.8222E+00 0.8259E+00 0.8345E+00 0.8421E+00 0.8469E+00 0.8539E+00 0.8630E+00 0.8729E+00 0.8829E+00 0.8913E+00 0.8963E+00 0.9085E+00 0.9209E+00 0.9571E+00 0.8958E+00 0.8864E+00 0.8324E+00 0.7870E+00 0.6334E+00
   59.81 0.8857E+00 0.9020E+00 0.9060E+00 0.9154E+00 0.9236E+00 0.9286E+00 0.9364E+00 0.9461E+00 0.9564E+00 0.9671E+00 0.9759E+00 0.9813E+00 0.9938E+00 0.1006E+01 0.1042E+01 0.9755E+00 0.9648E+00 0.9029E+00 0.8516E+00 0.6879E+00
   57.58 0.9736E+00 0.9915E+00 0.9956E+00 0.1006E+01 0.1015E+01 0.1020E+01 0.1028E+01 0.1038E+01 0.1050E+01 0.1061E+01 0.1070E+01 0.1076E+01 0.1089E+01 0.1102E+01 0.1135E+01 0.1064E+01 0.1052E+01 0.9808E+00 0.9231E+00 0.7486E+00
   55.34 0.1072E+01 0.1092E+01 0.1096E+01 0.1108E+01 0.1117E+01 0.1123E+01 0.1132E+01 0.1142E+01 0.1154E+01 0.1165E+01 0.1175E+01 0.1181E+01 0.1194E+01 0.1207E+01 0.1239E+01 0.1161E+01 0.1147E+01 0.1067E+01 0.1002E+01 0.8171E+00
   53.11 0.1184E+01 0.1205E+01 0.1209E+01 0.1221E+01 0.1231E+01 0.1238E+01 0.1247E+01 0.1258E+01 0.1270E+01 0.1282E+01 0.1292E+01 0.1298E+01 0.1311E+01 0.1324E+01 0.1352E+01 0.1269E+01 0.1253E+01 0.1162E+01 0.1089E+01 0.8945E+00
   50.87 0.1308E+01 0.1331E+01 0.1336E+01 0.1349E+01 0.1359E+01 0.1366E+01 0.1376E+01 0.1387E+01 0.1399E+01 0.1412E+01 0.1422E+01 0.1428E+01 0.1441E+01 0.1454E+01 0.1476E+01 0.1388E+01 0.1369E+01 0.1267E+01 0.1185E+01 0.9814E+00
   48.63 0.1448E+01 0.1472E+01 0.1478E+01 0.1492E+01 0.1502E+01 0.1509E+01 0.1520E+01 0.1531E+01 0.1544E+01 0.1557E+01 0.1566E+01 0.1573E+01 0.1585E+01 0.1597E+01 0.1613E+01 0.1519E+01 0.1497E+01 0.1383E+01 0.1291E+01 0.1080E+01
   46.40 0.1605E+01 0.1632E+01 0.1638E+01 0.1652E+01 0.1662E+01 0.1670E+01 0.1681E+01 0.1693E+01 0.1706E+01 0.1719E+01 0.1728E+01 0.1733E+01 0.1746E+01 0.1756E+01 0.1763E+01 0.1663E+01 0.1639E+01 0.1511E+01 0.1409E+01 0.1193E+01
   44.16 0.1782E+01 0.1810E+01 0.1816E+01 0.1831E+01 0.1843E+01 0.1851E+01 0.1861E+01 0.1873E+01 0.1886E+01 0.1898E+01 0.1907E+01 0.1912E+01 0.1923E+01 0.1932E+01 0.1926E+01 0.1822E+01 0.1795E+01 0.1653E+01 0.1539E+01 0.1323E+01
   41.93 0.1981E+01 0.2011E+01 0.2017E+01 0.2032E+01 0.2044E+01 0.2052E+01 0.2063E+01 0.2075E+01 0.2086E+01 0.2097E+01 0.2106E+01 0.2111E+01 0.2119E+01 0.2125E+01 0.2106E+01 0.1997E+01 0.1966E+01 0.1810E+01 0.1685E+01 0.1474E+01
   39.69 0.2206E+01 0.2237E+01 0.2243E+01 0.2258E+01 0.2270E+01 0.2277E+01 0.2287E+01 0.2299E+01 0.2309E+01 0.2319E+01 0.2326E+01 0.2329E+01 0.2336E+01 0.2339E+01 0.2302E+01 0.2189E+01 0.2155E+01 0.1986E+01 0.1848E+01 0.1648E+01
   37.45 0.2459E+01 0.2490E+01 0.2496E+01 0.2512E+01 0.2522E+01 0.2529E+01 0.2539E+01 0.2548E+01 0.2558E+01 0.2565E+01 0.2571E+01 0.2573E+01 0.2576E+01 0.2574E+01 0.2516E+01 0.2400E+01 0.2362E+01 0.2181E+01 0.2032E+01 0.1853E+01
   35.22 0.2744E+01 0.2774E+01 0.2781E+01 0.2795E+01 0.2804E+01 0.2811E+01 0.2819E+01 0.2827E+01 0.2834E+01 0.2839E+01 0.2841E+01 0.2841E+01 0.2840E+01 0.2832E+01 0.2747E+01 0.2631E+01 0.2591E+01 0.2399E+01 0.2240E+01 0.2095E+01
   32.98 0.3066E+01 0.3094E+01 0.3099E+01 0.3112E+01 0.3120E+01 0.3125E+01 0.3132E+01 0.3137E+01 0.3140E+01 0.3140E+01 0.3139E+01 0.3137E+01 0.3130E+01 0.3114E+01 0.2998E+01 0.2884E+01 0.2842E+01 0.2644E+01 0.2478E+01 0.2383E+01
   30.75 0.3428E+01 0.3453E+01 0.3456E+01 0.3466E+01 0.3471E+01 0.3475E+01 0.3478E+01 0.3480E+01 0.3478E+01 0.3473E+01 0.3467E+01 0.3463E+01 0.3448E+01 0.3424E+01 0.3271E+01 0.3162E+01 0.3118E+01 0.2920E+01 0.2751E+01 0.2729E+01
   28.51 0.3835E+01 0.3854E+01 0.3857E+01 0.3863E+01 0.3863E+01 0.3864E+01 0.3863E+01 0.3859E+01 0.3851E+01 0.3840E+01 0.3828E+01 0.3819E+01 0.3796E+01 0.3760E+01 0.3563E+01 0.3466E+01 0.3422E+01 0.3234E+01 0.3070E+01 0.3147E+01
   26.28 0.4295E+01 0.4304E+01 0.4305E+01 0.4304E+01 0.4299E+01 0.4296E+01 0.4290E+01 0.4278E+01 0.4262E+01 0.4242E+01 0.4222E+01 0.4209E+01 0.4173E+01 0.4123E+01 0.3879E+01 0.3798E+01 0.3757E+01 0.3592E+01 0.3447E+01 0.3659E+01
   24.04 0.4813E+01 0.4808E+01 0.4805E+01 0.4795E+01 0.4783E+01 0.4775E+01 0.4760E+01 0.4740E+01 0.4712E+01 0.4681E+01 0.4652E+01 0.4633E+01 0.4583E+01 0.4517E+01 0.4216E+01 0.4164E+01 0.4127E+01 0.4004E+01 0.3897E+01 0.4288E+01
   21.80 0.5398E+01 0.5371E+01 0.5363E+01 0.5341E+01 0.5318E+01 0.5302E+01 0.5279E+01 0.5246E+01 0.5204E+01 0.5159E+01 0.5118E+01 0.5091E+01 0.5025E+01 0.4939E+01 0.4579E+01 0.4566E+01 0.4540E+01 0.4484E+01 0.4445E+01 0.5067E+01
   19.57 0.6057E+01 0.6000E+01 0.5984E+01 0.5945E+01 0.5907E+01 0.5884E+01 0.5847E+01 0.5798E+01 0.5738E+01 0.5676E+01 0.5621E+01 0.5585E+01 0.5499E+01 0.5390E+01 0.4966E+01 0.5014E+01 0.5002E+01 0.5053E+01 0.5121E+01 0.6047E+01
   17.33 0.6799E+01 0.6700E+01 0.6675E+01 0.6613E+01 0.6556E+01 0.6520E+01 0.6467E+01 0.6398E+01 0.6316E+01 0.6232E+01 0.6160E+01 0.6114E+01 0.6004E+01 0.5870E+01 0.5387E+01 0.5522E+01 0.5533E+01 0.5741E+01 0.5973E+01 0.7284E+01
   15.10 0.7635E+01 0.7478E+01 0.7440E+01 0.7347E+01 0.7265E+01 0.7214E+01 0.7139E+01 0.7045E+01 0.6936E+01 0.6828E+01 0.6735E+01 0.6677E+01 0.6542E+01 0.6381E+01 0.5848E+01 0.6114E+01 0.6164E+01 0.6597E+01 0.7077E+01 0.8862E+01
   12.86 0.8578E+01 0.8342E+01 0.8286E+01 0.8152E+01 0.8037E+01 0.7968E+01 0.7866E+01 0.7741E+01 0.7601E+01 0.7462E+01 0.7347E+01 0.7277E+01 0.7113E+01 0.6927E+01 0.6372E+01 0.6843E+01 0.6952E+01 0.7707E+01 0.8542E+01 0.1092E+02
   10.63 0.9638E+01 0.9292E+01 0.9222E+01 0.9032E+01 0.8878E+01 0.8784E+01 0.8650E+01 0.8490E+01 0.8312E+01 0.8142E+01 0.8004E+01 0.7920E+01 0.7731E+01 0.7529E+01 0.7013E+01 0.7818E+01 0.8016E+01 0.9234E+01 0.1057E+02 0.1367E+02
    8.39 0.1084E+02 0.1035E+02 0.1025E+02 0.1000E+02 0.9795E+01 0.9668E+01 0.9501E+01 0.9307E+01 0.9094E+01 0.8893E+01 0.8736E+01 0.8640E+01 0.8439E+01 0.8247E+01 0.7901E+01 0.9272E+01 0.9617E+01 0.1152E+02 0.1353E+02 0.1741E+02
    6.16 0.1221E+02 0.1155E+02 0.1141E+02 0.1109E+02 0.1086E+02 0.1069E+02 0.1049E+02 0.1027E+02 0.1004E+02 0.9821E+01 0.9664E+01 0.9567E+01 0.9394E+01 0.9278E+01 0.9393E+01 0.1181E+02 0.1239E+02 0.1534E+02 0.1825E+02 0.2288E+02
    3.93 0.1395E+02 0.1314E+02 0.1299E+02 0.1262E+02 0.1238E+02 0.1220E+02 0.1201E+02 0.1181E+02 0.1161E+02 0.1144E+02 0.1134E+02 0.1128E+02 0.1125E+02 0.1140E+02 0.1264E+02 0.1719E+02 0.1815E+02 0.2272E+02 0.2670E+02 0.3093E+02
    1.71 0.1861E+02 0.1795E+02 0.1786E+02 0.1762E+02 0.1751E+02 0.1741E+02 0.1737E+02 0.1738E+02 0.1741E+02 0.1751E+02 0.1762E+02 0.1767E+02 0.1810E+02 0.1899E+02 0.2266E+02 0.3164E+02 0.3284E+02 0.3889E+02 0.4243E+02 0.3922E+02
    0.00 0.5932E+02 0.5275E+02 0.5151E+02 0.4866E+02 0.4663E+02 0.4540E+02 0.4387E+02 0.4224E+02 0.4059E+02 0.3920E+02 0.3818E+02 0.3756E+02 0.3654E+02 0.3582E+02 0.3473E+02 0.4389E+02 0.4396E+02 0.4839E+02 0.5009E+02 0.4183E+02
