          83
   Wlgth  Nor_Ext_Co  Nor_Sca_Co  Sg_Sca_Alb  Asymm_Para  Extinct_Co  Scatter_Co
    0.3500     1.6651        1.1596        0.6964        0.6248     0.2355E-02  0.1640E-02
    0.4000     1.4553        1.0135        0.6964        0.6205     0.2059E-02  0.1434E-02
    0.4120     1.4102        0.9818        0.6962        0.6190     0.1995E-02  0.1389E-02
    0.4430     1.3015        0.9052        0.6955        0.6163     0.1841E-02  0.1280E-02
    0.4700     1.2159        0.8445        0.6945        0.6143     0.1720E-02  0.1195E-02
    0.4880     1.1627        0.8067        0.6938        0.6122     0.1645E-02  0.1141E-02
    0.5150     1.0881        0.7530        0.6920        0.6103     0.1539E-02  0.1065E-02
    0.5500     1.0000        0.6888        0.6888        0.6080     0.1414E-02  0.9743E-03
    0.5900     0.9124        0.6262        0.6863        0.6048     0.1291E-02  0.8858E-03
    0.6330     0.8315        0.5651        0.6797        0.6014     0.1176E-02  0.7994E-03
    0.6700     0.7693        0.5193        0.6751        0.5980     0.1088E-02  0.7346E-03
    0.6940     0.7317        0.4926        0.6732        0.5961     0.1035E-02  0.6967E-03
    0.7600     0.6427        0.4228        0.6578        0.5915     0.9092E-03  0.5981E-03
    0.8600     0.5326        0.3364        0.6316        0.5867     0.7534E-03  0.4758E-03
    1.2400     0.3072        0.1656        0.5392        0.5613     0.4345E-03  0.2343E-03
    1.5360     0.1972        0.0829        0.4202        0.5687     0.2789E-03  0.1172E-03
    1.6500     0.1774        0.0725        0.4089        0.5675     0.2509E-03  0.1026E-03
    1.9500     0.1685        0.0484        0.2871        0.5753     0.2383E-03  0.6844E-04
    2.2500     0.1291        0.0372        0.2880        0.5880     0.1826E-03  0.5260E-04
    3.7500     0.0599        0.0179        0.2980        0.6434     0.8477E-04  0.2526E-04


                    Phase Function 
   TETA    0.3500     0.4000     0.4120     0.4430     0.4700     0.4880     0.5150     0.5500     0.5900     0.6330     0.6700     0.6940     0.7600     0.8600     1.2400     1.5360     1.6500     1.9500     2.2500     3.7500
  180.00 0.4132E+00 0.3933E+00 0.3907E+00 0.3816E+00 0.3782E+00 0.3722E+00 0.3651E+00 0.3581E+00 0.3536E+00 0.3459E+00 0.3443E+00 0.3430E+00 0.3357E+00 0.3289E+00 0.3372E+00 0.3475E+00 0.3544E+00 0.3475E+00 0.3436E+00 0.3119E+00
  178.29 0.4073E+00 0.3885E+00 0.3860E+00 0.3773E+00 0.3740E+00 0.3683E+00 0.3615E+00 0.3546E+00 0.3504E+00 0.3431E+00 0.3415E+00 0.3404E+00 0.3332E+00 0.3267E+00 0.3350E+00 0.3443E+00 0.3506E+00 0.3439E+00 0.3405E+00 0.3092E+00
  176.07 0.3866E+00 0.3714E+00 0.3693E+00 0.3623E+00 0.3594E+00 0.3549E+00 0.3493E+00 0.3433E+00 0.3401E+00 0.3343E+00 0.3331E+00 0.3323E+00 0.3264E+00 0.3213E+00 0.3317E+00 0.3400E+00 0.3444E+00 0.3380E+00 0.3370E+00 0.3037E+00
  173.84 0.3578E+00 0.3471E+00 0.3455E+00 0.3406E+00 0.3383E+00 0.3353E+00 0.3312E+00 0.3264E+00 0.3246E+00 0.3208E+00 0.3203E+00 0.3201E+00 0.3160E+00 0.3132E+00 0.3282E+00 0.3381E+00 0.3422E+00 0.3392E+00 0.3393E+00 0.3046E+00
  171.61 0.3293E+00 0.3221E+00 0.3211E+00 0.3178E+00 0.3163E+00 0.3147E+00 0.3119E+00 0.3084E+00 0.3079E+00 0.3057E+00 0.3060E+00 0.3065E+00 0.3043E+00 0.3038E+00 0.3244E+00 0.3384E+00 0.3433E+00 0.3427E+00 0.3392E+00 0.3082E+00
  169.37 0.3057E+00 0.3010E+00 0.3006E+00 0.2985E+00 0.2978E+00 0.2967E+00 0.2950E+00 0.2924E+00 0.2930E+00 0.2920E+00 0.2929E+00 0.2937E+00 0.2932E+00 0.2949E+00 0.3210E+00 0.3402E+00 0.3452E+00 0.3421E+00 0.3363E+00 0.3090E+00
  167.14 0.2892E+00 0.2859E+00 0.2857E+00 0.2842E+00 0.2839E+00 0.2831E+00 0.2820E+00 0.2800E+00 0.2812E+00 0.2811E+00 0.2823E+00 0.2832E+00 0.2839E+00 0.2874E+00 0.3184E+00 0.3413E+00 0.3445E+00 0.3385E+00 0.3326E+00 0.3065E+00
  164.90 0.2793E+00 0.2763E+00 0.2760E+00 0.2749E+00 0.2746E+00 0.2742E+00 0.2732E+00 0.2717E+00 0.2728E+00 0.2730E+00 0.2743E+00 0.2756E+00 0.2767E+00 0.2815E+00 0.3158E+00 0.3397E+00 0.3413E+00 0.3341E+00 0.3289E+00 0.3026E+00
  162.67 0.2734E+00 0.2704E+00 0.2700E+00 0.2689E+00 0.2686E+00 0.2682E+00 0.2673E+00 0.2659E+00 0.2670E+00 0.2671E+00 0.2686E+00 0.2699E+00 0.2713E+00 0.2766E+00 0.3121E+00 0.3361E+00 0.3369E+00 0.3296E+00 0.3253E+00 0.2982E+00
  160.43 0.2689E+00 0.2660E+00 0.2658E+00 0.2645E+00 0.2643E+00 0.2636E+00 0.2627E+00 0.2615E+00 0.2625E+00 0.2627E+00 0.2640E+00 0.2651E+00 0.2668E+00 0.2722E+00 0.3076E+00 0.3311E+00 0.3320E+00 0.3255E+00 0.3219E+00 0.2939E+00
  158.20 0.2643E+00 0.2618E+00 0.2616E+00 0.2604E+00 0.2601E+00 0.2595E+00 0.2587E+00 0.2573E+00 0.2584E+00 0.2585E+00 0.2598E+00 0.2608E+00 0.2624E+00 0.2675E+00 0.3023E+00 0.3258E+00 0.3273E+00 0.3216E+00 0.3183E+00 0.2897E+00
  155.96 0.2589E+00 0.2570E+00 0.2567E+00 0.2558E+00 0.2555E+00 0.2551E+00 0.2545E+00 0.2532E+00 0.2541E+00 0.2545E+00 0.2556E+00 0.2566E+00 0.2582E+00 0.2630E+00 0.2965E+00 0.3203E+00 0.3224E+00 0.3180E+00 0.3148E+00 0.2857E+00
  153.72 0.2528E+00 0.2513E+00 0.2512E+00 0.2506E+00 0.2505E+00 0.2503E+00 0.2498E+00 0.2488E+00 0.2498E+00 0.2502E+00 0.2515E+00 0.2525E+00 0.2540E+00 0.2588E+00 0.2907E+00 0.3144E+00 0.3174E+00 0.3144E+00 0.3112E+00 0.2819E+00
  151.49 0.2459E+00 0.2452E+00 0.2451E+00 0.2449E+00 0.2451E+00 0.2451E+00 0.2448E+00 0.2442E+00 0.2452E+00 0.2458E+00 0.2471E+00 0.2482E+00 0.2499E+00 0.2546E+00 0.2853E+00 0.3082E+00 0.3123E+00 0.3110E+00 0.3076E+00 0.2781E+00
  149.25 0.2388E+00 0.2389E+00 0.2389E+00 0.2392E+00 0.2395E+00 0.2396E+00 0.2396E+00 0.2393E+00 0.2405E+00 0.2414E+00 0.2428E+00 0.2440E+00 0.2458E+00 0.2505E+00 0.2803E+00 0.3021E+00 0.3068E+00 0.3078E+00 0.3040E+00 0.2745E+00
  147.02 0.2316E+00 0.2325E+00 0.2328E+00 0.2333E+00 0.2338E+00 0.2342E+00 0.2344E+00 0.2344E+00 0.2358E+00 0.2370E+00 0.2386E+00 0.2397E+00 0.2419E+00 0.2465E+00 0.2756E+00 0.2957E+00 0.3014E+00 0.3045E+00 0.3004E+00 0.2708E+00
  144.78 0.2249E+00 0.2264E+00 0.2268E+00 0.2276E+00 0.2285E+00 0.2289E+00 0.2294E+00 0.2297E+00 0.2313E+00 0.2327E+00 0.2344E+00 0.2357E+00 0.2380E+00 0.2426E+00 0.2712E+00 0.2897E+00 0.2959E+00 0.3013E+00 0.2968E+00 0.2672E+00
  142.55 0.2187E+00 0.2208E+00 0.2212E+00 0.2224E+00 0.2233E+00 0.2240E+00 0.2247E+00 0.2253E+00 0.2270E+00 0.2287E+00 0.2304E+00 0.2318E+00 0.2344E+00 0.2392E+00 0.2671E+00 0.2844E+00 0.2904E+00 0.2980E+00 0.2934E+00 0.2636E+00
  140.31 0.2131E+00 0.2157E+00 0.2162E+00 0.2176E+00 0.2187E+00 0.2195E+00 0.2203E+00 0.2212E+00 0.2231E+00 0.2250E+00 0.2269E+00 0.2282E+00 0.2311E+00 0.2360E+00 0.2635E+00 0.2793E+00 0.2852E+00 0.2948E+00 0.2901E+00 0.2600E+00
  138.07 0.2084E+00 0.2111E+00 0.2117E+00 0.2133E+00 0.2146E+00 0.2155E+00 0.2165E+00 0.2175E+00 0.2196E+00 0.2216E+00 0.2237E+00 0.2250E+00 0.2280E+00 0.2331E+00 0.2603E+00 0.2747E+00 0.2803E+00 0.2914E+00 0.2870E+00 0.2562E+00
  135.84 0.2042E+00 0.2073E+00 0.2078E+00 0.2097E+00 0.2110E+00 0.2120E+00 0.2132E+00 0.2143E+00 0.2166E+00 0.2187E+00 0.2208E+00 0.2224E+00 0.2255E+00 0.2305E+00 0.2576E+00 0.2705E+00 0.2759E+00 0.2879E+00 0.2840E+00 0.2524E+00
  133.60 0.2009E+00 0.2041E+00 0.2047E+00 0.2066E+00 0.2080E+00 0.2092E+00 0.2104E+00 0.2117E+00 0.2140E+00 0.2163E+00 0.2185E+00 0.2201E+00 0.2233E+00 0.2285E+00 0.2552E+00 0.2669E+00 0.2721E+00 0.2845E+00 0.2812E+00 0.2487E+00
  131.37 0.1983E+00 0.2016E+00 0.2023E+00 0.2042E+00 0.2057E+00 0.2069E+00 0.2082E+00 0.2097E+00 0.2120E+00 0.2145E+00 0.2167E+00 0.2183E+00 0.2216E+00 0.2269E+00 0.2534E+00 0.2639E+00 0.2687E+00 0.2813E+00 0.2785E+00 0.2451E+00
  129.13 0.1963E+00 0.1998E+00 0.2005E+00 0.2025E+00 0.2041E+00 0.2053E+00 0.2067E+00 0.2083E+00 0.2107E+00 0.2132E+00 0.2155E+00 0.2171E+00 0.2206E+00 0.2259E+00 0.2521E+00 0.2614E+00 0.2658E+00 0.2783E+00 0.2760E+00 0.2417E+00
  126.89 0.1951E+00 0.1986E+00 0.1995E+00 0.2015E+00 0.2032E+00 0.2043E+00 0.2058E+00 0.2075E+00 0.2100E+00 0.2126E+00 0.2149E+00 0.2164E+00 0.2201E+00 0.2254E+00 0.2513E+00 0.2594E+00 0.2635E+00 0.2757E+00 0.2739E+00 0.2386E+00
  124.66 0.1946E+00 0.1983E+00 0.1992E+00 0.2011E+00 0.2030E+00 0.2040E+00 0.2055E+00 0.2073E+00 0.2099E+00 0.2125E+00 0.2150E+00 0.2165E+00 0.2203E+00 0.2255E+00 0.2512E+00 0.2580E+00 0.2620E+00 0.2735E+00 0.2720E+00 0.2358E+00
  122.42 0.1949E+00 0.1987E+00 0.1995E+00 0.2016E+00 0.2034E+00 0.2045E+00 0.2060E+00 0.2079E+00 0.2105E+00 0.2132E+00 0.2156E+00 0.2171E+00 0.2210E+00 0.2263E+00 0.2517E+00 0.2574E+00 0.2611E+00 0.2718E+00 0.2704E+00 0.2334E+00
  120.19 0.1960E+00 0.1999E+00 0.2007E+00 0.2028E+00 0.2045E+00 0.2057E+00 0.2073E+00 0.2091E+00 0.2118E+00 0.2146E+00 0.2170E+00 0.2186E+00 0.2225E+00 0.2277E+00 0.2530E+00 0.2574E+00 0.2608E+00 0.2708E+00 0.2694E+00 0.2315E+00
  117.95 0.1979E+00 0.2018E+00 0.2026E+00 0.2047E+00 0.2065E+00 0.2077E+00 0.2093E+00 0.2112E+00 0.2139E+00 0.2167E+00 0.2191E+00 0.2208E+00 0.2247E+00 0.2300E+00 0.2551E+00 0.2582E+00 0.2612E+00 0.2706E+00 0.2689E+00 0.2302E+00
  115.71 0.2006E+00 0.2045E+00 0.2053E+00 0.2074E+00 0.2092E+00 0.2104E+00 0.2121E+00 0.2140E+00 0.2168E+00 0.2196E+00 0.2222E+00 0.2238E+00 0.2278E+00 0.2331E+00 0.2579E+00 0.2597E+00 0.2625E+00 0.2711E+00 0.2691E+00 0.2293E+00
  113.48 0.2041E+00 0.2079E+00 0.2088E+00 0.2110E+00 0.2128E+00 0.2140E+00 0.2157E+00 0.2178E+00 0.2206E+00 0.2235E+00 0.2261E+00 0.2277E+00 0.2318E+00 0.2371E+00 0.2617E+00 0.2621E+00 0.2647E+00 0.2724E+00 0.2700E+00 0.2292E+00
  111.24 0.2085E+00 0.2124E+00 0.2133E+00 0.2154E+00 0.2174E+00 0.2186E+00 0.2203E+00 0.2225E+00 0.2253E+00 0.2283E+00 0.2309E+00 0.2326E+00 0.2368E+00 0.2420E+00 0.2666E+00 0.2654E+00 0.2679E+00 0.2746E+00 0.2718E+00 0.2298E+00
  109.01 0.2139E+00 0.2178E+00 0.2187E+00 0.2209E+00 0.2229E+00 0.2241E+00 0.2259E+00 0.2282E+00 0.2310E+00 0.2341E+00 0.2368E+00 0.2385E+00 0.2428E+00 0.2481E+00 0.2725E+00 0.2699E+00 0.2721E+00 0.2778E+00 0.2745E+00 0.2313E+00
  106.77 0.2203E+00 0.2242E+00 0.2251E+00 0.2274E+00 0.2294E+00 0.2306E+00 0.2326E+00 0.2348E+00 0.2378E+00 0.2409E+00 0.2437E+00 0.2455E+00 0.2498E+00 0.2552E+00 0.2797E+00 0.2755E+00 0.2775E+00 0.2822E+00 0.2783E+00 0.2335E+00
  104.53 0.2277E+00 0.2318E+00 0.2327E+00 0.2350E+00 0.2371E+00 0.2383E+00 0.2403E+00 0.2427E+00 0.2458E+00 0.2490E+00 0.2519E+00 0.2537E+00 0.2581E+00 0.2636E+00 0.2881E+00 0.2823E+00 0.2840E+00 0.2877E+00 0.2831E+00 0.2367E+00
  102.30 0.2363E+00 0.2404E+00 0.2415E+00 0.2438E+00 0.2460E+00 0.2473E+00 0.2493E+00 0.2519E+00 0.2551E+00 0.2583E+00 0.2614E+00 0.2632E+00 0.2679E+00 0.2733E+00 0.2981E+00 0.2905E+00 0.2920E+00 0.2944E+00 0.2893E+00 0.2409E+00
  100.06 0.2462E+00 0.2504E+00 0.2514E+00 0.2539E+00 0.2563E+00 0.2575E+00 0.2597E+00 0.2624E+00 0.2656E+00 0.2691E+00 0.2722E+00 0.2741E+00 0.2789E+00 0.2845E+00 0.3095E+00 0.3002E+00 0.3013E+00 0.3027E+00 0.2967E+00 0.2462E+00
   97.83 0.2575E+00 0.2618E+00 0.2629E+00 0.2655E+00 0.2679E+00 0.2693E+00 0.2715E+00 0.2744E+00 0.2778E+00 0.2814E+00 0.2847E+00 0.2867E+00 0.2916E+00 0.2973E+00 0.3227E+00 0.3114E+00 0.3122E+00 0.3125E+00 0.3056E+00 0.2526E+00
   95.59 0.2702E+00 0.2747E+00 0.2759E+00 0.2786E+00 0.2812E+00 0.2827E+00 0.2850E+00 0.2880E+00 0.2916E+00 0.2954E+00 0.2988E+00 0.3009E+00 0.3060E+00 0.3120E+00 0.3377E+00 0.3245E+00 0.3250E+00 0.3238E+00 0.3161E+00 0.2603E+00
   93.35 0.2846E+00 0.2894E+00 0.2906E+00 0.2935E+00 0.2962E+00 0.2977E+00 0.3003E+00 0.3035E+00 0.3072E+00 0.3112E+00 0.3148E+00 0.3170E+00 0.3224E+00 0.3286E+00 0.3549E+00 0.3395E+00 0.3397E+00 0.3370E+00 0.3282E+00 0.2694E+00
   91.12 0.3008E+00 0.3060E+00 0.3073E+00 0.3103E+00 0.3131E+00 0.3148E+00 0.3174E+00 0.3208E+00 0.3248E+00 0.3291E+00 0.3328E+00 0.3352E+00 0.3408E+00 0.3472E+00 0.3743E+00 0.3567E+00 0.3564E+00 0.3521E+00 0.3423E+00 0.2800E+00
   90.00 0.3096E+00 0.3150E+00 0.3163E+00 0.3195E+00 0.3223E+00 0.3241E+00 0.3269E+00 0.3303E+00 0.3344E+00 0.3389E+00 0.3427E+00 0.3451E+00 0.3509E+00 0.3574E+00 0.3848E+00 0.3661E+00 0.3656E+00 0.3606E+00 0.3501E+00 0.2859E+00
   88.88 0.3190E+00 0.3246E+00 0.3259E+00 0.3292E+00 0.3320E+00 0.3340E+00 0.3368E+00 0.3403E+00 0.3446E+00 0.3492E+00 0.3531E+00 0.3556E+00 0.3615E+00 0.3682E+00 0.3960E+00 0.3761E+00 0.3755E+00 0.3695E+00 0.3584E+00 0.2922E+00
   86.65 0.3395E+00 0.3453E+00 0.3467E+00 0.3502E+00 0.3534E+00 0.3555E+00 0.3585E+00 0.3623E+00 0.3669E+00 0.3717E+00 0.3758E+00 0.3785E+00 0.3848E+00 0.3919E+00 0.4203E+00 0.3981E+00 0.3971E+00 0.3890E+00 0.3766E+00 0.3061E+00
   84.41 0.3624E+00 0.3685E+00 0.3701E+00 0.3739E+00 0.3774E+00 0.3795E+00 0.3827E+00 0.3870E+00 0.3918E+00 0.3969E+00 0.4014E+00 0.4042E+00 0.4109E+00 0.4184E+00 0.4476E+00 0.4228E+00 0.4214E+00 0.4112E+00 0.3971E+00 0.3218E+00
   82.17 0.3880E+00 0.3946E+00 0.3963E+00 0.4004E+00 0.4042E+00 0.4065E+00 0.4099E+00 0.4146E+00 0.4197E+00 0.4252E+00 0.4299E+00 0.4329E+00 0.4401E+00 0.4479E+00 0.4782E+00 0.4505E+00 0.4486E+00 0.4360E+00 0.4203E+00 0.3397E+00
   79.94 0.4165E+00 0.4238E+00 0.4256E+00 0.4301E+00 0.4342E+00 0.4366E+00 0.4404E+00 0.4453E+00 0.4509E+00 0.4568E+00 0.4618E+00 0.4650E+00 0.4726E+00 0.4808E+00 0.5122E+00 0.4816E+00 0.4793E+00 0.4639E+00 0.4462E+00 0.3598E+00
   77.70 0.4484E+00 0.4565E+00 0.4585E+00 0.4633E+00 0.4676E+00 0.4703E+00 0.4744E+00 0.4797E+00 0.4857E+00 0.4920E+00 0.4975E+00 0.5008E+00 0.5089E+00 0.5177E+00 0.5500E+00 0.5163E+00 0.5134E+00 0.4950E+00 0.4751E+00 0.3824E+00
   75.47 0.4842E+00 0.4930E+00 0.4951E+00 0.5004E+00 0.5051E+00 0.5080E+00 0.5124E+00 0.5181E+00 0.5247E+00 0.5314E+00 0.5372E+00 0.5407E+00 0.5494E+00 0.5587E+00 0.5920E+00 0.5550E+00 0.5515E+00 0.5296E+00 0.5073E+00 0.4077E+00
   73.23 0.5242E+00 0.5338E+00 0.5361E+00 0.5418E+00 0.5468E+00 0.5501E+00 0.5549E+00 0.5610E+00 0.5680E+00 0.5753E+00 0.5815E+00 0.5852E+00 0.5944E+00 0.6043E+00 0.6386E+00 0.5982E+00 0.5939E+00 0.5682E+00 0.5430E+00 0.4358E+00
   70.99 0.5690E+00 0.5793E+00 0.5818E+00 0.5880E+00 0.5935E+00 0.5971E+00 0.6022E+00 0.6089E+00 0.6163E+00 0.6242E+00 0.6308E+00 0.6349E+00 0.6446E+00 0.6550E+00 0.6900E+00 0.6461E+00 0.6411E+00 0.6109E+00 0.5826E+00 0.4673E+00
   68.76 0.6190E+00 0.6303E+00 0.6329E+00 0.6397E+00 0.6457E+00 0.6496E+00 0.6551E+00 0.6623E+00 0.6703E+00 0.6787E+00 0.6857E+00 0.6902E+00 0.7004E+00 0.7114E+00 0.7472E+00 0.6994E+00 0.6933E+00 0.6582E+00 0.6263E+00 0.5023E+00
   66.52 0.6747E+00 0.6872E+00 0.6901E+00 0.6976E+00 0.7040E+00 0.7082E+00 0.7142E+00 0.7220E+00 0.7306E+00 0.7395E+00 0.7470E+00 0.7516E+00 0.7626E+00 0.7741E+00 0.8104E+00 0.7583E+00 0.7512E+00 0.7107E+00 0.6748E+00 0.5414E+00
   64.29 0.7371E+00 0.7509E+00 0.7543E+00 0.7623E+00 0.7692E+00 0.7737E+00 0.7802E+00 0.7887E+00 0.7979E+00 0.8073E+00 0.8153E+00 0.8201E+00 0.8317E+00 0.8437E+00 0.8802E+00 0.8235E+00 0.8155E+00 0.7686E+00 0.7281E+00 0.5851E+00
   62.05 0.8072E+00 0.8222E+00 0.8259E+00 0.8345E+00 0.8421E+00 0.8469E+00 0.8539E+00 0.8630E+00 0.8729E+00 0.8829E+00 0.8913E+00 0.8963E+00 0.9085E+00 0.9209E+00 0.9571E+00 0.8958E+00 0.8864E+00 0.8324E+00 0.7870E+00 0.6334E+00
   59.81 0.8857E+00 0.9020E+00 0.9060E+00 0.9154E+00 0.9236E+00 0.9286E+00 0.9364E+00 0.9461E+00 0.9564E+00 0.9671E+00 0.9759E+00 0.9813E+00 0.9938E+00 0.1006E+01 0.1042E+01 0.9755E+00 0.9648E+00 0.9029E+00 0.8516E+00 0.6879E+00
   57.58 0.9736E+00 0.9915E+00 0.9956E+00 0.1006E+01 0.1015E+01 0.1020E+01 0.1028E+01 0.1038E+01 0.1050E+01 0.1061E+01 0.1070E+01 0.1076E+01 0.1089E+01 0.1102E+01 0.1135E+01 0.1064E+01 0.1052E+01 0.9808E+00 0.9231E+00 0.7486E+00
   55.34 0.1072E+01 0.1092E+01 0.1096E+01 0.1108E+01 0.1117E+01 0.1123E+01 0.1132E+01 0.1142E+01 0.1154E+01 0.1165E+01 0.1175E+01 0.1181E+01 0.1194E+01 0.1207E+01 0.1239E+01 0.1161E+01 0.1147E+01 0.1067E+01 0.1002E+01 0.8171E+00
   53.11 0.1184E+01 0.1205E+01 0.1209E+01 0.1221E+01 0.1231E+01 0.1238E+01 0.1247E+01 0.1258E+01 0.1270E+01 0.1282E+01 0.1292E+01 0.1298E+01 0.1311E+01 0.1324E+01 0.1352E+01 0.1269E+01 0.1253E+01 0.1162E+01 0.1089E+01 0.8945E+00
   50.87 0.1308E+01 0.1331E+01 0.1336E+01 0.1349E+01 0.1359E+01 0.1366E+01 0.1376E+01 0.1387E+01 0.1399E+01 0.1412E+01 0.1422E+01 0.1428E+01 0.1441E+01 0.1454E+01 0.1476E+01 0.1388E+01 0.1369E+01 0.1267E+01 0.1185E+01 0.9814E+00
   48.63 0.1448E+01 0.1472E+01 0.1478E+01 0.1492E+01 0.1502E+01 0.1509E+01 0.1520E+01 0.1531E+01 0.1544E+01 0.1557E+01 0.1566E+01 0.1573E+01 0.1585E+01 0.1597E+01 0.1613E+01 0.1519E+01 0.1497E+01 0.1383E+01 0.1291E+01 0.1080E+01
   46.40 0.1605E+01 0.1632E+01 0.1638E+01 0.1652E+01 0.1662E+01 0.1670E+01 0.1681E+01 0.1693E+01 0.1706E+01 0.1719E+01 0.1728E+01 0.1733E+01 0.1746E+01 0.1756E+01 0.1763E+01 0.1663E+01 0.1639E+01 0.1511E+01 0.1409E+01 0.1193E+01
   44.16 0.1782E+01 0.1810E+01 0.1816E+01 0.1831E+01 0.1843E+01 0.1851E+01 0.1861E+01 0.1873E+01 0.1886E+01 0.1898E+01 0.1907E+01 0.1912E+01 0.1923E+01 0.1932E+01 0.1926E+01 0.1822E+01 0.1795E+01 0.1653E+01 0.1539E+01 0.1323E+01
   41.93 0.1981E+01 0.2011E+01 0.2017E+01 0.2032E+01 0.2044E+01 0.2052E+01 0.2063E+01 0.2075E+01 0.2086E+01 0.2097E+01 0.2106E+01 0.2111E+01 0.2119E+01 0.2125E+01 0.2106E+01 0.1997E+01 0.1966E+01 0.1810E+01 0.1685E+01 0.1474E+01
   39.69 0.2206E+01 0.2237E+01 0.2243E+01 0.2258E+01 0.2270E+01 0.2277E+01 0.2287E+01 0.2299E+01 0.2309E+01 0.2319E+01 0.2326E+01 0.2329E+01 0.2336E+01 0.2339E+01 0.2302E+01 0.2189E+01 0.2155E+01 0.1986E+01 0.1848E+01 0.1648E+01
   37.45 0.2459E+01 0.2490E+01 0.2496E+01 0.2512E+01 0.2522E+01 0.2529E+01 0.2539E+01 0.2548E+01 0.2558E+01 0.2565E+01 0.2571E+01 0.2573E+01 0.2576E+01 0.2574E+01 0.2516E+01 0.2400E+01 0.2362E+01 0.2181E+01 0.2032E+01 0.1853E+01
   35.22 0.2744E+01 0.2774E+01 0.2781E+01 0.2795E+01 0.2804E+01 0.2811E+01 0.2819E+01 0.2827E+01 0.2834E+01 0.2839E+01 0.2841E+01 0.2841E+01 0.2840E+01 0.2832E+01 0.2747E+01 0.2631E+01 0.2591E+01 0.2399E+01 0.2240E+01 0.2095E+01
   32.98 0.3066E+01 0.3094E+01 0.3099E+01 0.3112E+01 0.3120E+01 0.3125E+01 0.3132E+01 0.3137E+01 0.3140E+01 0.3140E+01 0.3139E+01 0.3137E+01 0.3130E+01 0.3114E+01 0.2998E+01 0.2884E+01 0.2842E+01 0.2644E+01 0.2478E+01 0.2383E+01
   30.75 0.3428E+01 0.3453E+01 0.3456E+01 0.3466E+01 0.3471E+01 0.3475E+01 0.3478E+01 0.3480E+01 0.3478E+01 0.3473E+01 0.3467E+01 0.3463E+01 0.3448E+01 0.3424E+01 0.3271E+01 0.3162E+01 0.3118E+01 0.2920E+01 0.2751E+01 0.2729E+01
   28.51 0.3835E+01 0.3854E+01 0.3857E+01 0.3863E+01 0.3863E+01 0.3864E+01 0.3863E+01 0.3859E+01 0.3851E+01 0.3840E+01 0.3828E+01 0.3819E+01 0.3796E+01 0.3760E+01 0.3563E+01 0.3466E+01 0.3422E+01 0.3234E+01 0.3070E+01 0.3147E+01
   26.28 0.4295E+01 0.4304E+01 0.4305E+01 0.4304E+01 0.4299E+01 0.4296E+01 0.4290E+01 0.4278E+01 0.4262E+01 0.4242E+01 0.4222E+01 0.4209E+01 0.4173E+01 0.4123E+01 0.3879E+01 0.3798E+01 0.3757E+01 0.3592E+01 0.3447E+01 0.3659E+01
   24.04 0.4813E+01 0.4808E+01 0.4805E+01 0.4795E+01 0.4783E+01 0.4775E+01 0.4760E+01 0.4740E+01 0.4712E+01 0.4681E+01 0.4652E+01 0.4633E+01 0.4583E+01 0.4517E+01 0.4216E+01 0.4164E+01 0.4127E+01 0.4004E+01 0.3897E+01 0.4288E+01
   21.80 0.5398E+01 0.5371E+01 0.5363E+01 0.5341E+01 0.5318E+01 0.5302E+01 0.5279E+01 0.5246E+01 0.5204E+01 0.5159E+01 0.5118E+01 0.5091E+01 0.5025E+01 0.4939E+01 0.4579E+01 0.4566E+01 0.4540E+01 0.4484E+01 0.4445E+01 0.5067E+01
   19.57 0.6057E+01 0.6000E+01 0.5984E+01 0.5945E+01 0.5907E+01 0.5884E+01 0.5847E+01 0.5798E+01 0.5738E+01 0.5676E+01 0.5621E+01 0.5585E+01 0.5499E+01 0.5390E+01 0.4966E+01 0.5014E+01 0.5002E+01 0.5053E+01 0.5121E+01 0.6047E+01
   17.33 0.6799E+01 0.6700E+01 0.6675E+01 0.6613E+01 0.6556E+01 0.6520E+01 0.6467E+01 0.6398E+01 0.6316E+01 0.6232E+01 0.6160E+01 0.6114E+01 0.6004E+01 0.5870E+01 0.5387E+01 0.5522E+01 0.5533E+01 0.5741E+01 0.5973E+01 0.7284E+01
   15.10 0.7635E+01 0.7478E+01 0.7440E+01 0.7347E+01 0.7265E+01 0.7214E+01 0.7139E+01 0.7045E+01 0.6936E+01 0.6828E+01 0.6735E+01 0.6677E+01 0.6542E+01 0.6381E+01 0.5848E+01 0.6114E+01 0.6164E+01 0.6597E+01 0.7077E+01 0.8862E+01
   12.86 0.8578E+01 0.8342E+01 0.8286E+01 0.8152E+01 0.8037E+01 0.7968E+01 0.7866E+01 0.7741E+01 0.7601E+01 0.7462E+01 0.7347E+01 0.7277E+01 0.7113E+01 0.6927E+01 0.6372E+01 0.6843E+01 0.6952E+01 0.7707E+01 0.8542E+01 0.1092E+02
   10.63 0.9638E+01 0.9292E+01 0.9222E+01 0.9032E+01 0.8878E+01 0.8784E+01 0.8650E+01 0.8490E+01 0.8312E+01 0.8142E+01 0.8004E+01 0.7920E+01 0.7731E+01 0.7529E+01 0.7013E+01 0.7818E+01 0.8016E+01 0.9234E+01 0.1057E+02 0.1367E+02
    8.39 0.1084E+02 0.1035E+02 0.1025E+02 0.1000E+02 0.9795E+01 0.9668E+01 0.9501E+01 0.9307E+01 0.9094E+01 0.8893E+01 0.8736E+01 0.8640E+01 0.8439E+01 0.8247E+01 0.7901E+01 0.9272E+01 0.9617E+01 0.1152E+02 0.1353E+02 0.1741E+02
    6.16 0.1221E+02 0.1155E+02 0.1141E+02 0.1109E+02 0.1086E+02 0.1069E+02 0.1049E+02 0.1027E+02 0.1004E+02 0.9821E+01 0.9664E+01 0.9567E+01 0.9394E+01 0.9278E+01 0.9393E+01 0.1181E+02 0.1239E+02 0.1534E+02 0.1825E+02 0.2288E+02
    3.93 0.1395E+02 0.1314E+02 0.1299E+02 0.1262E+02 0.1238E+02 0.1220E+02 0.1201E+02 0.1181E+02 0.1161E+02 0.1144E+02 0.1134E+02 0.1128E+02 0.1125E+02 0.1140E+02 0.1264E+02 0.1719E+02 0.1815E+02 0.2272E+02 0.2670E+02 0.3093E+02
    1.71 0.1861E+02 0.1795E+02 0.1786E+02 0.1762E+02 0.1751E+02 0.1741E+02 0.1737E+02 0.1738E+02 0.1741E+02 0.1751E+02 0.1762E+02 0.1767E+02 0.1810E+02 0.1899E+02 0.2266E+02 0.3164E+02 0.3284E+02 0.3889E+02 0.4243E+02 0.3922E+02
    0.00 0.5932E+02 0.5275E+02 0.5151E+02 0.4866E+02 0.4663E+02 0.4540E+02 0.4387E+02 0.4224E+02 0.4059E+02 0.3920E+02 0.3818E+02 0.3756E+02 0.3654E+02 0.3582E+02 0.3473E+02 0.4389E+02 0.4396E+02 0.4839E+02 0.5009E+02 0.4183E+02
  180.00 0.1672E-21 0.3245E-22 -.5652E-22 -.1968E-21 0.6739E-22 -.1308E-21 -.3596E-21 0.8728E-21 0.2331E-21 0.6051E-21 -.1823E-21 -.7547E-22 -.4569E-21 -.3776E-21 -.2291E-21 -.6392E-21 0.3079E-23 0.4950E-21 -.5308E-21 -.3296E-21
  178.29 0.2809E-02 0.2226E-02 0.2265E-02 0.2005E-02 0.2130E-02 0.1935E-02 0.1724E-02 0.1828E-02 0.1737E-02 0.1449E-02 0.1583E-02 0.1509E-02 0.1444E-02 0.1278E-02 0.2074E-03 -.5850E-03 -.1249E-02 -.9310E-03 -.1399E-03 -.2906E-03
  176.07 0.1262E-01 0.1041E-01 0.1024E-01 0.9339E-02 0.9381E-02 0.8605E-02 0.7860E-02 0.7819E-02 0.7192E-02 0.6130E-02 0.6284E-02 0.5859E-02 0.5478E-02 0.4857E-02 0.2451E-02 0.5749E-03 -.1427E-02 -.1114E-02 0.5446E-03 0.4811E-04
  173.84 0.2630E-01 0.2230E-01 0.2182E-01 0.2005E-01 0.1945E-01 0.1831E-01 0.1687E-01 0.1588E-01 0.1456E-01 0.1280E-01 0.1227E-01 0.1166E-01 0.1014E-01 0.8450E-02 0.5192E-02 0.1814E-02 0.1164E-03 0.8433E-03 0.7459E-03 0.1826E-02
  171.61 0.4086E-01 0.3559E-01 0.3475E-01 0.3220E-01 0.3063E-01 0.2933E-01 0.2726E-01 0.2499E-01 0.2296E-01 0.2062E-01 0.1909E-01 0.1841E-01 0.1537E-01 0.1220E-01 0.7575E-02 0.1822E-02 0.8338E-03 0.8336E-03 -.1647E-02 0.1730E-02
  169.37 0.5427E-01 0.4826E-01 0.4710E-01 0.4392E-01 0.4157E-01 0.4006E-01 0.3747E-01 0.3418E-01 0.3158E-01 0.2851E-01 0.2632E-01 0.2538E-01 0.2114E-01 0.1650E-01 0.8734E-02 0.7196E-03 -.5961E-03 -.2555E-02 -.4899E-02 -.1388E-02
  167.14 0.6534E-01 0.5903E-01 0.5765E-01 0.5403E-01 0.5117E-01 0.4935E-01 0.4643E-01 0.4248E-01 0.3952E-01 0.3577E-01 0.3322E-01 0.3184E-01 0.2687E-01 0.2095E-01 0.8979E-02 -.1673E-02 -.4045E-02 -.7162E-02 -.8409E-02 -.6103E-02
  164.90 0.7331E-01 0.6713E-01 0.6558E-01 0.6179E-01 0.5856E-01 0.5657E-01 0.5353E-01 0.4898E-01 0.4594E-01 0.4180E-01 0.3897E-01 0.3718E-01 0.3175E-01 0.2471E-01 0.9061E-02 -.5664E-02 -.8333E-02 -.1193E-01 -.1199E-01 -.1131E-01
  162.67 0.7789E-01 0.7192E-01 0.7024E-01 0.6656E-01 0.6294E-01 0.6119E-01 0.5814E-01 0.5321E-01 0.4997E-01 0.4588E-01 0.4263E-01 0.4097E-01 0.3485E-01 0.2694E-01 0.8536E-02 -.1023E-01 -.1311E-01 -.1712E-01 -.1592E-01 -.1672E-01
  160.43 0.7892E-01 0.7311E-01 0.7143E-01 0.6795E-01 0.6437E-01 0.6288E-01 0.5979E-01 0.5492E-01 0.5156E-01 0.4745E-01 0.4414E-01 0.4267E-01 0.3606E-01 0.2756E-01 0.6950E-02 -.1460E-01 -.1808E-01 -.2252E-01 -.2035E-01 -.2223E-01
  158.20 0.7656E-01 0.7112E-01 0.6966E-01 0.6638E-01 0.6313E-01 0.6165E-01 0.5870E-01 0.5421E-01 0.5090E-01 0.4686E-01 0.4361E-01 0.4207E-01 0.3546E-01 0.2662E-01 0.4724E-02 -.1894E-01 -.2284E-01 -.2844E-01 -.2533E-01 -.2791E-01
  155.96 0.7172E-01 0.6670E-01 0.6547E-01 0.6247E-01 0.5973E-01 0.5823E-01 0.5544E-01 0.5142E-01 0.4831E-01 0.4433E-01 0.4130E-01 0.3968E-01 0.3325E-01 0.2420E-01 0.1824E-02 -.2307E-01 -.2756E-01 -.3493E-01 -.3080E-01 -.3377E-01
  153.72 0.6517E-01 0.6068E-01 0.5955E-01 0.5694E-01 0.5461E-01 0.5325E-01 0.5065E-01 0.4708E-01 0.4407E-01 0.4023E-01 0.3743E-01 0.3594E-01 0.2958E-01 0.2049E-01 -.2140E-02 -.2715E-01 -.3238E-01 -.4153E-01 -.3678E-01 -.3976E-01
  151.49 0.5761E-01 0.5367E-01 0.5263E-01 0.5039E-01 0.4836E-01 0.4717E-01 0.4477E-01 0.4158E-01 0.3870E-01 0.3507E-01 0.3244E-01 0.3110E-01 0.2484E-01 0.1580E-01 -.6920E-02 -.3188E-01 -.3696E-01 -.4855E-01 -.4324E-01 -.4584E-01
  149.25 0.4953E-01 0.4619E-01 0.4528E-01 0.4330E-01 0.4145E-01 0.4038E-01 0.3822E-01 0.3524E-01 0.3262E-01 0.2922E-01 0.2672E-01 0.2538E-01 0.1938E-01 0.1041E-01 -.1230E-01 -.3708E-01 -.4186E-01 -.5574E-01 -.5028E-01 -.5185E-01
  147.02 0.4140E-01 0.3855E-01 0.3772E-01 0.3595E-01 0.3416E-01 0.3324E-01 0.3130E-01 0.2844E-01 0.2601E-01 0.2290E-01 0.2042E-01 0.1913E-01 0.1331E-01 0.4407E-02 -.1841E-01 -.4257E-01 -.4735E-01 -.6300E-01 -.5779E-01 -.5784E-01
  144.78 0.3343E-01 0.3085E-01 0.3016E-01 0.2849E-01 0.2679E-01 0.2593E-01 0.2414E-01 0.2145E-01 0.1917E-01 0.1619E-01 0.1379E-01 0.1253E-01 0.6864E-02 -.1977E-02 -.2507E-01 -.4880E-01 -.5317E-01 -.7054E-01 -.6569E-01 -.6373E-01
  142.55 0.2570E-01 0.2331E-01 0.2270E-01 0.2108E-01 0.1952E-01 0.1860E-01 0.1693E-01 0.1441E-01 0.1223E-01 0.9332E-02 0.7000E-02 0.5682E-02 0.1911E-03 -.8616E-02 -.3209E-01 -.5564E-01 -.5965E-01 -.7786E-01 -.7395E-01 -.6956E-01
  140.31 0.1831E-01 0.1600E-01 0.1545E-01 0.1383E-01 0.1242E-01 0.1138E-01 0.9779E-02 0.7402E-02 0.5261E-02 0.2357E-02 0.9272E-04 -.1260E-02 -.6657E-02 -.1548E-01 -.3945E-01 -.6298E-01 -.6657E-01 -.8539E-01 -.8246E-01 -.7540E-01
  138.07 0.1131E-01 0.8997E-02 0.8475E-02 0.6818E-02 0.5480E-02 0.4368E-02 0.2787E-02 0.4433E-03 -.1664E-02 -.4592E-02 -.6847E-02 -.8244E-02 -.1361E-01 -.2249E-01 -.4707E-01 -.7081E-01 -.7394E-01 -.9297E-01 -.9123E-01 -.8124E-01
  135.84 0.4716E-02 0.2335E-02 0.1776E-02 0.8403E-04 -.1329E-02 -.2402E-02 -.4007E-02 -.6397E-02 -.8556E-02 -.1149E-01 -.1380E-01 -.1520E-01 -.2065E-01 -.2964E-01 -.5496E-01 -.7890E-01 -.8185E-01 -.1006E+00 -.1001E+00 -.8719E-01
  133.60 -.1496E-02 -.4035E-02 -.4671E-02 -.6404E-02 -.7926E-02 -.8992E-02 -.1064E-01 -.1310E-01 -.1533E-01 -.1830E-01 -.2069E-01 -.2214E-01 -.2767E-01 -.3683E-01 -.6303E-01 -.8722E-01 -.9004E-01 -.1087E+00 -.1091E+00 -.9329E-01
  131.37 -.7380E-02 -.1014E-01 -.1087E-01 -.1266E-01 -.1433E-01 -.1536E-01 -.1707E-01 -.1965E-01 -.2199E-01 -.2503E-01 -.2754E-01 -.2902E-01 -.3470E-01 -.4406E-01 -.7131E-01 -.9573E-01 -.9863E-01 -.1169E+00 -.1181E+00 -.9957E-01
  129.13 -.1300E-01 -.1605E-01 -.1682E-01 -.1873E-01 -.2047E-01 -.2158E-01 -.2339E-01 -.2602E-01 -.2850E-01 -.3169E-01 -.3427E-01 -.3583E-01 -.4167E-01 -.5129E-01 -.7968E-01 -.1045E+00 -.1074E+00 -.1256E+00 -.1272E+00 -.1061E+00
  126.89 -.1843E-01 -.2178E-01 -.2256E-01 -.2464E-01 -.2639E-01 -.2766E-01 -.2957E-01 -.3225E-01 -.3487E-01 -.3823E-01 -.4090E-01 -.4258E-01 -.4858E-01 -.5851E-01 -.8816E-01 -.1134E+00 -.1164E+00 -.1344E+00 -.1364E+00 -.1127E+00
  124.66 -.2364E-01 -.2735E-01 -.2815E-01 -.3040E-01 -.3214E-01 -.3358E-01 -.3562E-01 -.3830E-01 -.4111E-01 -.4471E-01 -.4745E-01 -.4923E-01 -.5544E-01 -.6570E-01 -.9668E-01 -.1226E+00 -.1255E+00 -.1434E+00 -.1455E+00 -.1196E+00
  122.42 -.2860E-01 -.3265E-01 -.3350E-01 -.3591E-01 -.3780E-01 -.3929E-01 -.4146E-01 -.4426E-01 -.4729E-01 -.5105E-01 -.5396E-01 -.5579E-01 -.6230E-01 -.7293E-01 -.1053E+00 -.1318E+00 -.1348E+00 -.1527E+00 -.1549E+00 -.1265E+00
  120.19 -.3341E-01 -.3775E-01 -.3869E-01 -.4125E-01 -.4332E-01 -.4485E-01 -.4715E-01 -.5011E-01 -.5335E-01 -.5727E-01 -.6035E-01 -.6228E-01 -.6907E-01 -.8010E-01 -.1138E+00 -.1410E+00 -.1442E+00 -.1623E+00 -.1643E+00 -.1336E+00
  117.95 -.3806E-01 -.4263E-01 -.4373E-01 -.4639E-01 -.4872E-01 -.5022E-01 -.5265E-01 -.5590E-01 -.5930E-01 -.6338E-01 -.6668E-01 -.6867E-01 -.7581E-01 -.8728E-01 -.1224E+00 -.1504E+00 -.1536E+00 -.1720E+00 -.1738E+00 -.1408E+00
  115.71 -.4261E-01 -.4744E-01 -.4861E-01 -.5143E-01 -.5395E-01 -.5552E-01 -.5808E-01 -.6156E-01 -.6511E-01 -.6939E-01 -.7289E-01 -.7499E-01 -.8244E-01 -.9438E-01 -.1310E+00 -.1598E+00 -.1631E+00 -.1817E+00 -.1834E+00 -.1479E+00
  113.48 -.4705E-01 -.5215E-01 -.5337E-01 -.5639E-01 -.5904E-01 -.6072E-01 -.6341E-01 -.6707E-01 -.7084E-01 -.7532E-01 -.7902E-01 -.8122E-01 -.8900E-01 -.1014E+00 -.1396E+00 -.1692E+00 -.1726E+00 -.1916E+00 -.1930E+00 -.1551E+00
  111.24 -.5140E-01 -.5680E-01 -.5804E-01 -.6127E-01 -.6396E-01 -.6586E-01 -.6868E-01 -.7248E-01 -.7640E-01 -.8116E-01 -.8499E-01 -.8739E-01 -.9544E-01 -.1083E+00 -.1483E+00 -.1785E+00 -.1820E+00 -.2015E+00 -.2026E+00 -.1622E+00
  109.01 -.5552E-01 -.6133E-01 -.6263E-01 -.6604E-01 -.6885E-01 -.7083E-01 -.7382E-01 -.7773E-01 -.8192E-01 -.8693E-01 -.9091E-01 -.9339E-01 -.1018E+00 -.1152E+00 -.1568E+00 -.1878E+00 -.1914E+00 -.2113E+00 -.2123E+00 -.1692E+00
  106.77 -.5958E-01 -.6566E-01 -.6705E-01 -.7061E-01 -.7366E-01 -.7565E-01 -.7878E-01 -.8296E-01 -.8735E-01 -.9254E-01 -.9677E-01 -.9932E-01 -.1081E+00 -.1221E+00 -.1651E+00 -.1972E+00 -.2008E+00 -.2211E+00 -.2218E+00 -.1761E+00
  104.53 -.6358E-01 -.6988E-01 -.7136E-01 -.7507E-01 -.7831E-01 -.8038E-01 -.8365E-01 -.8807E-01 -.9263E-01 -.9803E-01 -.1025E+00 -.1052E+00 -.1143E+00 -.1288E+00 -.1735E+00 -.2064E+00 -.2099E+00 -.2307E+00 -.2312E+00 -.1828E+00
  102.30 -.6751E-01 -.7398E-01 -.7556E-01 -.7941E-01 -.8286E-01 -.8498E-01 -.8838E-01 -.9306E-01 -.9783E-01 -.1034E+00 -.1081E+00 -.1109E+00 -.1204E+00 -.1354E+00 -.1816E+00 -.2154E+00 -.2191E+00 -.2403E+00 -.2405E+00 -.1894E+00
  100.06 -.7137E-01 -.7800E-01 -.7964E-01 -.8366E-01 -.8727E-01 -.8950E-01 -.9302E-01 -.9794E-01 -.1029E+00 -.1087E+00 -.1136E+00 -.1165E+00 -.1263E+00 -.1418E+00 -.1896E+00 -.2243E+00 -.2280E+00 -.2497E+00 -.2496E+00 -.1957E+00
   97.83 -.7503E-01 -.8198E-01 -.8365E-01 -.8785E-01 -.9152E-01 -.9392E-01 -.9759E-01 -.1026E+00 -.1077E+00 -.1139E+00 -.1189E+00 -.1220E+00 -.1322E+00 -.1482E+00 -.1975E+00 -.2330E+00 -.2367E+00 -.2588E+00 -.2584E+00 -.2018E+00
   95.59 -.7853E-01 -.8582E-01 -.8756E-01 -.9190E-01 -.9570E-01 -.9815E-01 -.1020E+00 -.1072E+00 -.1125E+00 -.1189E+00 -.1241E+00 -.1272E+00 -.1378E+00 -.1543E+00 -.2051E+00 -.2415E+00 -.2451E+00 -.2678E+00 -.2670E+00 -.2075E+00
   93.35 -.8192E-01 -.8948E-01 -.9128E-01 -.9577E-01 -.9974E-01 -.1022E+00 -.1062E+00 -.1116E+00 -.1172E+00 -.1237E+00 -.1291E+00 -.1324E+00 -.1433E+00 -.1604E+00 -.2126E+00 -.2496E+00 -.2533E+00 -.2764E+00 -.2752E+00 -.2129E+00
   91.12 -.8528E-01 -.9300E-01 -.9483E-01 -.9949E-01 -.1036E+00 -.1062E+00 -.1103E+00 -.1159E+00 -.1216E+00 -.1284E+00 -.1339E+00 -.1374E+00 -.1486E+00 -.1662E+00 -.2198E+00 -.2576E+00 -.2611E+00 -.2846E+00 -.2830E+00 -.2179E+00
   90.00 -.8692E-01 -.9467E-01 -.9653E-01 -.1013E+00 -.1054E+00 -.1081E+00 -.1123E+00 -.1180E+00 -.1238E+00 -.1307E+00 -.1363E+00 -.1398E+00 -.1512E+00 -.1690E+00 -.2232E+00 -.2615E+00 -.2649E+00 -.2886E+00 -.2868E+00 -.2203E+00
   88.88 -.8856E-01 -.9637E-01 -.9819E-01 -.1031E+00 -.1072E+00 -.1100E+00 -.1142E+00 -.1200E+00 -.1258E+00 -.1329E+00 -.1386E+00 -.1422E+00 -.1537E+00 -.1718E+00 -.2266E+00 -.2653E+00 -.2685E+00 -.2925E+00 -.2905E+00 -.2226E+00
   86.65 -.9168E-01 -.9955E-01 -.1014E+00 -.1064E+00 -.1107E+00 -.1137E+00 -.1179E+00 -.1239E+00 -.1299E+00 -.1371E+00 -.1430E+00 -.1467E+00 -.1586E+00 -.1771E+00 -.2330E+00 -.2724E+00 -.2757E+00 -.2999E+00 -.2974E+00 -.2267E+00
   84.41 -.9448E-01 -.1026E+00 -.1044E+00 -.1096E+00 -.1140E+00 -.1170E+00 -.1214E+00 -.1275E+00 -.1338E+00 -.1412E+00 -.1472E+00 -.1511E+00 -.1632E+00 -.1822E+00 -.2391E+00 -.2792E+00 -.2825E+00 -.3068E+00 -.3039E+00 -.2304E+00
   82.17 -.9697E-01 -.1053E+00 -.1073E+00 -.1125E+00 -.1171E+00 -.1201E+00 -.1247E+00 -.1310E+00 -.1374E+00 -.1450E+00 -.1512E+00 -.1551E+00 -.1676E+00 -.1871E+00 -.2449E+00 -.2855E+00 -.2887E+00 -.3132E+00 -.3098E+00 -.2336E+00
   79.94 -.9922E-01 -.1078E+00 -.1100E+00 -.1152E+00 -.1200E+00 -.1229E+00 -.1276E+00 -.1342E+00 -.1408E+00 -.1485E+00 -.1549E+00 -.1588E+00 -.1717E+00 -.1915E+00 -.2502E+00 -.2913E+00 -.2944E+00 -.3191E+00 -.3151E+00 -.2363E+00
   77.70 -.1014E+00 -.1101E+00 -.1123E+00 -.1177E+00 -.1226E+00 -.1255E+00 -.1304E+00 -.1371E+00 -.1438E+00 -.1518E+00 -.1583E+00 -.1622E+00 -.1754E+00 -.1957E+00 -.2549E+00 -.2965E+00 -.2996E+00 -.3242E+00 -.3197E+00 -.2384E+00
   75.47 -.1034E+00 -.1121E+00 -.1143E+00 -.1198E+00 -.1248E+00 -.1279E+00 -.1328E+00 -.1397E+00 -.1465E+00 -.1546E+00 -.1614E+00 -.1654E+00 -.1788E+00 -.1993E+00 -.2591E+00 -.3013E+00 -.3041E+00 -.3286E+00 -.3236E+00 -.2399E+00
   73.23 -.1052E+00 -.1139E+00 -.1160E+00 -.1216E+00 -.1266E+00 -.1300E+00 -.1349E+00 -.1419E+00 -.1488E+00 -.1571E+00 -.1639E+00 -.1681E+00 -.1817E+00 -.2026E+00 -.2627E+00 -.3054E+00 -.3078E+00 -.3325E+00 -.3269E+00 -.2407E+00
   70.99 -.1066E+00 -.1154E+00 -.1173E+00 -.1232E+00 -.1281E+00 -.1317E+00 -.1367E+00 -.1437E+00 -.1508E+00 -.1592E+00 -.1661E+00 -.1705E+00 -.1842E+00 -.2053E+00 -.2657E+00 -.3087E+00 -.3110E+00 -.3353E+00 -.3292E+00 -.2409E+00
   68.76 -.1074E+00 -.1164E+00 -.1184E+00 -.1244E+00 -.1293E+00 -.1329E+00 -.1380E+00 -.1451E+00 -.1523E+00 -.1609E+00 -.1679E+00 -.1722E+00 -.1861E+00 -.2076E+00 -.2680E+00 -.3112E+00 -.3134E+00 -.3373E+00 -.3306E+00 -.2404E+00
   66.52 -.1077E+00 -.1169E+00 -.1192E+00 -.1250E+00 -.1302E+00 -.1336E+00 -.1388E+00 -.1461E+00 -.1535E+00 -.1622E+00 -.1693E+00 -.1735E+00 -.1877E+00 -.2093E+00 -.2696E+00 -.3130E+00 -.3148E+00 -.3384E+00 -.3312E+00 -.2392E+00
   64.29 -.1077E+00 -.1169E+00 -.1194E+00 -.1252E+00 -.1307E+00 -.1338E+00 -.1391E+00 -.1467E+00 -.1542E+00 -.1628E+00 -.1701E+00 -.1743E+00 -.1886E+00 -.2104E+00 -.2704E+00 -.3140E+00 -.3151E+00 -.3386E+00 -.3307E+00 -.2373E+00
   62.05 -.1075E+00 -.1165E+00 -.1190E+00 -.1248E+00 -.1306E+00 -.1336E+00 -.1390E+00 -.1468E+00 -.1543E+00 -.1629E+00 -.1703E+00 -.1745E+00 -.1890E+00 -.2109E+00 -.2703E+00 -.3139E+00 -.3149E+00 -.3375E+00 -.3293E+00 -.2345E+00
   59.81 -.1069E+00 -.1157E+00 -.1181E+00 -.1240E+00 -.1298E+00 -.1330E+00 -.1384E+00 -.1462E+00 -.1537E+00 -.1624E+00 -.1698E+00 -.1742E+00 -.1886E+00 -.2105E+00 -.2693E+00 -.3127E+00 -.3135E+00 -.3354E+00 -.3268E+00 -.2310E+00
   57.58 -.1057E+00 -.1145E+00 -.1168E+00 -.1228E+00 -.1284E+00 -.1319E+00 -.1372E+00 -.1450E+00 -.1525E+00 -.1613E+00 -.1688E+00 -.1731E+00 -.1875E+00 -.2095E+00 -.2675E+00 -.3107E+00 -.3107E+00 -.3322E+00 -.3231E+00 -.2268E+00
   55.34 -.1038E+00 -.1128E+00 -.1150E+00 -.1211E+00 -.1265E+00 -.1301E+00 -.1355E+00 -.1432E+00 -.1507E+00 -.1596E+00 -.1669E+00 -.1713E+00 -.1857E+00 -.2075E+00 -.2646E+00 -.3076E+00 -.3070E+00 -.3277E+00 -.3183E+00 -.2216E+00
   53.11 -.1012E+00 -.1105E+00 -.1127E+00 -.1187E+00 -.1240E+00 -.1276E+00 -.1331E+00 -.1406E+00 -.1483E+00 -.1572E+00 -.1644E+00 -.1687E+00 -.1831E+00 -.2049E+00 -.2608E+00 -.3030E+00 -.3023E+00 -.3220E+00 -.3123E+00 -.2157E+00
   50.87 -.9804E-01 -.1075E+00 -.1098E+00 -.1157E+00 -.1210E+00 -.1243E+00 -.1300E+00 -.1374E+00 -.1451E+00 -.1541E+00 -.1612E+00 -.1654E+00 -.1797E+00 -.2013E+00 -.2558E+00 -.2973E+00 -.2961E+00 -.3149E+00 -.3050E+00 -.2088E+00
   48.63 -.9442E-01 -.1037E+00 -.1062E+00 -.1119E+00 -.1172E+00 -.1205E+00 -.1261E+00 -.1335E+00 -.1412E+00 -.1501E+00 -.1571E+00 -.1612E+00 -.1754E+00 -.1967E+00 -.2497E+00 -.2906E+00 -.2885E+00 -.3063E+00 -.2963E+00 -.2012E+00
   46.40 -.9032E-01 -.9928E-01 -.1017E+00 -.1074E+00 -.1128E+00 -.1159E+00 -.1215E+00 -.1290E+00 -.1365E+00 -.1453E+00 -.1522E+00 -.1563E+00 -.1702E+00 -.1911E+00 -.2423E+00 -.2823E+00 -.2798E+00 -.2967E+00 -.2865E+00 -.1927E+00
   44.16 -.8561E-01 -.9416E-01 -.9654E-01 -.1022E+00 -.1076E+00 -.1107E+00 -.1161E+00 -.1237E+00 -.1311E+00 -.1396E+00 -.1465E+00 -.1504E+00 -.1642E+00 -.1847E+00 -.2339E+00 -.2725E+00 -.2699E+00 -.2853E+00 -.2753E+00 -.1832E+00
   41.93 -.8018E-01 -.8863E-01 -.9092E-01 -.9645E-01 -.1018E+00 -.1047E+00 -.1101E+00 -.1175E+00 -.1248E+00 -.1332E+00 -.1399E+00 -.1437E+00 -.1572E+00 -.1772E+00 -.2244E+00 -.2616E+00 -.2586E+00 -.2724E+00 -.2626E+00 -.1728E+00
   39.69 -.7412E-01 -.8258E-01 -.8474E-01 -.9020E-01 -.9517E-01 -.9820E-01 -.1036E+00 -.1106E+00 -.1177E+00 -.1260E+00 -.1324E+00 -.1362E+00 -.1492E+00 -.1685E+00 -.2137E+00 -.2495E+00 -.2458E+00 -.2585E+00 -.2489E+00 -.1616E+00
   37.45 -.6735E-01 -.7599E-01 -.7818E-01 -.8338E-01 -.8799E-01 -.9090E-01 -.9626E-01 -.1029E+00 -.1100E+00 -.1181E+00 -.1242E+00 -.1278E+00 -.1405E+00 -.1591E+00 -.2018E+00 -.2360E+00 -.2315E+00 -.2431E+00 -.2336E+00 -.1496E+00
   35.22 -.5999E-01 -.6886E-01 -.7120E-01 -.7600E-01 -.8025E-01 -.8295E-01 -.8833E-01 -.9443E-01 -.1015E+00 -.1095E+00 -.1153E+00 -.1185E+00 -.1308E+00 -.1486E+00 -.1892E+00 -.2215E+00 -.2162E+00 -.2260E+00 -.2170E+00 -.1363E+00
   32.98 -.5245E-01 -.6122E-01 -.6351E-01 -.6809E-01 -.7183E-01 -.7464E-01 -.7991E-01 -.8544E-01 -.9233E-01 -.1002E+00 -.1054E+00 -.1087E+00 -.1203E+00 -.1372E+00 -.1753E+00 -.2053E+00 -.2005E+00 -.2079E+00 -.1995E+00 -.1224E+00
   30.75 -.4474E-01 -.5285E-01 -.5498E-01 -.5935E-01 -.6318E-01 -.6582E-01 -.7071E-01 -.7629E-01 -.8276E-01 -.9005E-01 -.9526E-01 -.9837E-01 -.1094E+00 -.1254E+00 -.1605E+00 -.1881E+00 -.1832E+00 -.1886E+00 -.1805E+00 -.1078E+00
   28.51 -.3672E-01 -.4423E-01 -.4600E-01 -.5037E-01 -.5426E-01 -.5669E-01 -.6127E-01 -.6671E-01 -.7280E-01 -.7951E-01 -.8466E-01 -.8744E-01 -.9798E-01 -.1130E+00 -.1452E+00 -.1705E+00 -.1647E+00 -.1684E+00 -.1607E+00 -.9203E-01
   26.28 -.2869E-01 -.3554E-01 -.3685E-01 -.4129E-01 -.4495E-01 -.4748E-01 -.5170E-01 -.5692E-01 -.6242E-01 -.6875E-01 -.7355E-01 -.7632E-01 -.8599E-01 -.9998E-01 -.1290E+00 -.1523E+00 -.1456E+00 -.1478E+00 -.1400E+00 -.7592E-01
   24.04 -.2065E-01 -.2679E-01 -.2787E-01 -.3218E-01 -.3564E-01 -.3820E-01 -.4200E-01 -.4717E-01 -.5206E-01 -.5781E-01 -.6248E-01 -.6517E-01 -.7404E-01 -.8695E-01 -.1131E+00 -.1335E+00 -.1266E+00 -.1256E+00 -.1184E+00 -.5865E-01
   21.80 -.1255E-01 -.1870E-01 -.1976E-01 -.2378E-01 -.2640E-01 -.2912E-01 -.3284E-01 -.3717E-01 -.4190E-01 -.4758E-01 -.5153E-01 -.5382E-01 -.6213E-01 -.7374E-01 -.9741E-01 -.1140E+00 -.1085E+00 -.1037E+00 -.9650E-01 -.4100E-01
   19.57 -.4966E-02 -.1155E-01 -.1238E-01 -.1627E-01 -.1745E-01 -.2085E-01 -.2450E-01 -.2747E-01 -.3202E-01 -.3791E-01 -.4076E-01 -.4315E-01 -.5028E-01 -.6050E-01 -.8130E-01 -.9443E-01 -.8969E-01 -.8213E-01 -.7449E-01 -.2387E-01
   17.33 0.1779E-02 -.5565E-02 -.5763E-02 -.9810E-02 -.9404E-02 -.1375E-01 -.1720E-01 -.1869E-01 -.2289E-01 -.2878E-01 -.3073E-01 -.3350E-01 -.3918E-01 -.4818E-01 -.6625E-01 -.7591E-01 -.7088E-01 -.6053E-01 -.5220E-01 -.6319E-02
   15.10 0.7827E-02 -.1082E-02 -.9247E-03 -.4852E-02 -.3196E-02 -.7667E-02 -.1122E-01 -.1089E-01 -.1549E-01 -.2127E-01 -.2232E-01 -.2430E-01 -.2959E-01 -.3695E-01 -.5197E-01 -.5828E-01 -.5238E-01 -.4093E-01 -.3087E-01 0.9790E-02
   12.86 0.1188E-01 0.1805E-02 0.2480E-02 -.1361E-02 0.1338E-02 -.3513E-02 -.6836E-02 -.4908E-02 -.9343E-02 -.1480E-01 -.1498E-01 -.1705E-01 -.2090E-01 -.2667E-01 -.3779E-01 -.4151E-01 -.3549E-01 -.2111E-01 -.1027E-01 0.2444E-01
   10.63 0.1372E-01 0.3470E-02 0.4277E-02 0.9229E-03 0.3603E-02 -.8044E-03 -.3649E-02 -.1182E-02 -.5078E-02 -.9433E-02 -.9446E-02 -.1127E-01 -.1398E-01 -.1836E-01 -.2581E-01 -.2460E-01 -.2062E-01 -.4857E-02 0.8023E-02 0.3595E-01
    8.39 0.1360E-01 0.4024E-02 0.3842E-02 0.1933E-02 0.3219E-02 0.1333E-02 -.1267E-02 0.8531E-03 -.3396E-02 -.5993E-02 -.6450E-02 -.5743E-02 -.9530E-02 -.1194E-01 -.1522E-01 -.6914E-02 -.1069E-01 0.9556E-02 0.2242E-01 0.4330E-01
    6.16 0.1006E-01 0.2331E-02 0.2791E-02 0.9834E-03 0.3239E-02 0.7748E-03 -.1229E-02 0.1774E-02 -.5996E-03 -.3383E-02 -.1987E-02 -.2886E-02 -.3269E-02 -.4296E-02 -.1153E-02 0.8262E-02 0.1895E-02 0.2122E-01 0.3092E-01 0.4465E-01
    3.93 0.4566E-02 -.4270E-04 0.2199E-02 -.3208E-03 0.3841E-02 -.7959E-03 -.1782E-02 0.2293E-02 0.3099E-02 -.2615E-03 0.3340E-02 -.1103E-02 0.3729E-02 0.3429E-02 0.1119E-01 0.1803E-01 0.1735E-01 0.1753E-01 0.1891E-01 0.2989E-01
    1.71 0.2242E-02 0.1306E-02 0.2392E-02 0.1495E-02 0.3888E-02 0.2237E-02 0.1718E-02 0.3068E-02 0.4641E-02 0.3005E-02 0.5360E-02 0.3255E-02 0.6195E-02 0.6330E-02 0.1070E-01 0.1252E-01 0.1377E-01 0.9311E-02 0.5847E-02 0.7333E-02
    0.00 0.1475E-19 -.4559E-19 -.5421E-19 -.3632E-19 -.8489E-19 0.3832E-19 0.2149E-19 0.6944E-19 0.2215E-19 0.3815E-19 -.2962E-19 -.3002E-19 -.4626E-19 0.4801E-19 -.3658E-19 0.4069E-19 -.2140E-19 -.8522E-19 0.3491E-19 -.5663E-19
  180.00 -.4132E+00 -.3933E+00 -.3907E+00 -.3816E+00 -.3782E+00 -.3722E+00 -.3651E+00 -.3581E+00 -.3536E+00 -.3459E+00 -.3443E+00 -.3430E+00 -.3357E+00 -.3289E+00 -.3372E+00 -.3475E+00 -.3544E+00 -.3475E+00 -.3436E+00 -.3119E+00
  178.29 -.4065E+00 -.3876E+00 -.3851E+00 -.3764E+00 -.3730E+00 -.3673E+00 -.3605E+00 -.3537E+00 -.3493E+00 -.3421E+00 -.3404E+00 -.3392E+00 -.3320E+00 -.3253E+00 -.3336E+00 -.3428E+00 -.3494E+00 -.3433E+00 -.3400E+00 -.3089E+00
  176.07 -.3811E+00 -.3661E+00 -.3640E+00 -.3570E+00 -.3539E+00 -.3495E+00 -.3439E+00 -.3376E+00 -.3341E+00 -.3280E+00 -.3265E+00 -.3256E+00 -.3190E+00 -.3128E+00 -.3203E+00 -.3259E+00 -.3317E+00 -.3292E+00 -.3292E+00 -.2974E+00
  173.84 -.3440E+00 -.3350E+00 -.3336E+00 -.3293E+00 -.3271E+00 -.3245E+00 -.3207E+00 -.3158E+00 -.3138E+00 -.3098E+00 -.3088E+00 -.3086E+00 -.3034E+00 -.2987E+00 -.3067E+00 -.3081E+00 -.3129E+00 -.3152E+00 -.3203E+00 -.2833E+00
  171.61 -.3023E+00 -.2995E+00 -.2989E+00 -.2976E+00 -.2969E+00 -.2960E+00 -.2942E+00 -.2914E+00 -.2913E+00 -.2896E+00 -.2897E+00 -.2902E+00 -.2875E+00 -.2853E+00 -.2964E+00 -.2954E+00 -.2988E+00 -.3064E+00 -.3162E+00 -.2724E+00
  169.37 -.2617E+00 -.2641E+00 -.2647E+00 -.2656E+00 -.2667E+00 -.2670E+00 -.2672E+00 -.2666E+00 -.2684E+00 -.2688E+00 -.2703E+00 -.2713E+00 -.2714E+00 -.2723E+00 -.2885E+00 -.2871E+00 -.2896E+00 -.3025E+00 -.3146E+00 -.2659E+00
  167.14 -.2255E+00 -.2319E+00 -.2333E+00 -.2362E+00 -.2386E+00 -.2398E+00 -.2417E+00 -.2429E+00 -.2463E+00 -.2489E+00 -.2514E+00 -.2530E+00 -.2557E+00 -.2598E+00 -.2817E+00 -.2817E+00 -.2844E+00 -.3009E+00 -.3131E+00 -.2621E+00
  164.90 -.1947E+00 -.2038E+00 -.2058E+00 -.2101E+00 -.2135E+00 -.2154E+00 -.2185E+00 -.2212E+00 -.2259E+00 -.2300E+00 -.2335E+00 -.2357E+00 -.2405E+00 -.2476E+00 -.2750E+00 -.2782E+00 -.2814E+00 -.2995E+00 -.3110E+00 -.2594E+00
  162.67 -.1690E+00 -.1795E+00 -.1819E+00 -.1870E+00 -.1913E+00 -.1937E+00 -.1975E+00 -.2016E+00 -.2071E+00 -.2123E+00 -.2166E+00 -.2194E+00 -.2259E+00 -.2354E+00 -.2679E+00 -.2756E+00 -.2789E+00 -.2975E+00 -.3084E+00 -.2567E+00
  160.43 -.1473E+00 -.1585E+00 -.1612E+00 -.1668E+00 -.1717E+00 -.1744E+00 -.1788E+00 -.1838E+00 -.1899E+00 -.1959E+00 -.2009E+00 -.2039E+00 -.2119E+00 -.2233E+00 -.2610E+00 -.2729E+00 -.2762E+00 -.2947E+00 -.3051E+00 -.2536E+00
  158.20 -.1292E+00 -.1407E+00 -.1435E+00 -.1494E+00 -.1546E+00 -.1575E+00 -.1623E+00 -.1678E+00 -.1744E+00 -.1810E+00 -.1864E+00 -.1896E+00 -.1987E+00 -.2116E+00 -.2536E+00 -.2697E+00 -.2729E+00 -.2912E+00 -.3012E+00 -.2500E+00
  155.96 -.1142E+00 -.1255E+00 -.1281E+00 -.1343E+00 -.1396E+00 -.1429E+00 -.1477E+00 -.1536E+00 -.1604E+00 -.1674E+00 -.1731E+00 -.1766E+00 -.1864E+00 -.2004E+00 -.2455E+00 -.2659E+00 -.2689E+00 -.2871E+00 -.2968E+00 -.2460E+00
  153.72 -.1016E+00 -.1126E+00 -.1151E+00 -.1213E+00 -.1267E+00 -.1300E+00 -.1349E+00 -.1411E+00 -.1478E+00 -.1550E+00 -.1609E+00 -.1646E+00 -.1749E+00 -.1900E+00 -.2373E+00 -.2611E+00 -.2644E+00 -.2825E+00 -.2919E+00 -.2415E+00
  151.49 -.9101E-01 -.1016E+00 -.1040E+00 -.1102E+00 -.1154E+00 -.1186E+00 -.1235E+00 -.1298E+00 -.1365E+00 -.1438E+00 -.1499E+00 -.1535E+00 -.1643E+00 -.1799E+00 -.2293E+00 -.2556E+00 -.2591E+00 -.2774E+00 -.2865E+00 -.2365E+00
  149.25 -.8202E-01 -.9224E-01 -.9460E-01 -.1005E+00 -.1055E+00 -.1086E+00 -.1135E+00 -.1196E+00 -.1263E+00 -.1336E+00 -.1396E+00 -.1433E+00 -.1543E+00 -.1703E+00 -.2210E+00 -.2497E+00 -.2535E+00 -.2718E+00 -.2807E+00 -.2312E+00
  147.02 -.7434E-01 -.8406E-01 -.8634E-01 -.9188E-01 -.9664E-01 -.9965E-01 -.1044E+00 -.1103E+00 -.1169E+00 -.1242E+00 -.1301E+00 -.1337E+00 -.1448E+00 -.1611E+00 -.2125E+00 -.2430E+00 -.2474E+00 -.2659E+00 -.2743E+00 -.2254E+00
  144.78 -.6765E-01 -.7676E-01 -.7895E-01 -.8415E-01 -.8869E-01 -.9151E-01 -.9610E-01 -.1019E+00 -.1083E+00 -.1155E+00 -.1212E+00 -.1247E+00 -.1358E+00 -.1522E+00 -.2040E+00 -.2361E+00 -.2406E+00 -.2595E+00 -.2675E+00 -.2194E+00
  142.55 -.6175E-01 -.7011E-01 -.7214E-01 -.7705E-01 -.8132E-01 -.8405E-01 -.8841E-01 -.9401E-01 -.1001E+00 -.1071E+00 -.1128E+00 -.1162E+00 -.1272E+00 -.1437E+00 -.1953E+00 -.2288E+00 -.2334E+00 -.2529E+00 -.2602E+00 -.2131E+00
  140.31 -.5634E-01 -.6395E-01 -.6574E-01 -.7040E-01 -.7438E-01 -.7705E-01 -.8116E-01 -.8656E-01 -.9232E-01 -.9910E-01 -.1046E+00 -.1080E+00 -.1187E+00 -.1351E+00 -.1865E+00 -.2212E+00 -.2259E+00 -.2459E+00 -.2525E+00 -.2064E+00
  138.07 -.5116E-01 -.5810E-01 -.5970E-01 -.6407E-01 -.6773E-01 -.7034E-01 -.7421E-01 -.7935E-01 -.8481E-01 -.9136E-01 -.9664E-01 -.9993E-01 -.1105E+00 -.1267E+00 -.1775E+00 -.2131E+00 -.2179E+00 -.2385E+00 -.2444E+00 -.1995E+00
  135.84 -.4607E-01 -.5241E-01 -.5384E-01 -.5793E-01 -.6129E-01 -.6379E-01 -.6742E-01 -.7227E-01 -.7744E-01 -.8376E-01 -.8880E-01 -.9200E-01 -.1022E+00 -.1182E+00 -.1684E+00 -.2048E+00 -.2095E+00 -.2306E+00 -.2358E+00 -.1921E+00
  133.60 -.4097E-01 -.4672E-01 -.4806E-01 -.5181E-01 -.5493E-01 -.5727E-01 -.6068E-01 -.6522E-01 -.7016E-01 -.7619E-01 -.8102E-01 -.8408E-01 -.9402E-01 -.1096E+00 -.1591E+00 -.1961E+00 -.2007E+00 -.2223E+00 -.2268E+00 -.1844E+00
  131.37 -.3576E-01 -.4098E-01 -.4223E-01 -.4565E-01 -.4853E-01 -.5068E-01 -.5388E-01 -.5815E-01 -.6280E-01 -.6858E-01 -.7316E-01 -.7609E-01 -.8569E-01 -.1009E+00 -.1493E+00 -.1869E+00 -.1914E+00 -.2135E+00 -.2173E+00 -.1763E+00
  129.13 -.3036E-01 -.3507E-01 -.3627E-01 -.3932E-01 -.4206E-01 -.4394E-01 -.4693E-01 -.5100E-01 -.5538E-01 -.6081E-01 -.6521E-01 -.6793E-01 -.7725E-01 -.9207E-01 -.1392E+00 -.1773E+00 -.1817E+00 -.2042E+00 -.2075E+00 -.1677E+00
  126.89 -.2475E-01 -.2895E-01 -.3006E-01 -.3281E-01 -.3538E-01 -.3700E-01 -.3979E-01 -.4363E-01 -.4775E-01 -.5284E-01 -.5704E-01 -.5956E-01 -.6858E-01 -.8296E-01 -.1287E+00 -.1673E+00 -.1714E+00 -.1943E+00 -.1971E+00 -.1588E+00
  124.66 -.1885E-01 -.2255E-01 -.2359E-01 -.2601E-01 -.2839E-01 -.2981E-01 -.3239E-01 -.3599E-01 -.3983E-01 -.4459E-01 -.4857E-01 -.5089E-01 -.5957E-01 -.7348E-01 -.1178E+00 -.1566E+00 -.1607E+00 -.1837E+00 -.1862E+00 -.1493E+00
  122.42 -.1260E-01 -.1585E-01 -.1677E-01 -.1892E-01 -.2102E-01 -.2232E-01 -.2470E-01 -.2796E-01 -.3153E-01 -.3601E-01 -.3971E-01 -.4189E-01 -.5014E-01 -.6355E-01 -.1064E+00 -.1454E+00 -.1493E+00 -.1724E+00 -.1747E+00 -.1394E+00
  120.19 -.5950E-02 -.8745E-02 -.9521E-02 -.1141E-01 -.1324E-01 -.1443E-01 -.1657E-01 -.1953E-01 -.2280E-01 -.2699E-01 -.3042E-01 -.3246E-01 -.4028E-01 -.5315E-01 -.9434E-01 -.1335E+00 -.1372E+00 -.1605E+00 -.1625E+00 -.1289E+00
  117.95 0.1156E-02 -.1184E-02 -.1772E-02 -.3446E-02 -.4944E-02 -.6083E-02 -.8000E-02 -.1061E-01 -.1355E-01 -.1748E-01 -.2059E-01 -.2255E-01 -.2986E-01 -.4217E-01 -.8161E-01 -.1210E+00 -.1245E+00 -.1479E+00 -.1497E+00 -.1179E+00
  115.71 0.8865E-02 0.6999E-02 0.6504E-02 0.5115E-02 0.3860E-02 0.2881E-02 0.1180E-02 -.1131E-02 -.3799E-02 -.7389E-02 -.1024E-01 -.1200E-01 -.1890E-01 -.3063E-01 -.6814E-01 -.1076E+00 -.1109E+00 -.1343E+00 -.1361E+00 -.1062E+00
  113.48 0.1719E-01 0.1583E-01 0.1541E-01 0.1434E-01 0.1328E-01 0.1249E-01 0.1101E-01 0.8951E-02 0.6591E-02 0.3356E-02 0.7585E-03 -.7987E-03 -.7259E-02 -.1837E-01 -.5388E-01 -.9330E-01 -.9669E-01 -.1199E+00 -.1217E+00 -.9389E-01
  111.24 0.2622E-01 0.2539E-01 0.2504E-01 0.2428E-01 0.2337E-01 0.2284E-01 0.2158E-01 0.1973E-01 0.1769E-01 0.1483E-01 0.1250E-01 0.1118E-01 0.5136E-02 -.5353E-02 -.3874E-01 -.7814E-01 -.8139E-01 -.1046E+00 -.1064E+00 -.8091E-01
  109.01 0.3596E-01 0.3573E-01 0.3548E-01 0.3502E-01 0.3428E-01 0.3394E-01 0.3294E-01 0.3130E-01 0.2964E-01 0.2718E-01 0.2510E-01 0.2393E-01 0.1842E-01 0.8595E-02 -.2254E-01 -.6200E-01 -.6508E-01 -.8832E-01 -.9014E-01 -.6720E-01
  106.77 0.4655E-01 0.4687E-01 0.4676E-01 0.4658E-01 0.4608E-01 0.4588E-01 0.4513E-01 0.4383E-01 0.4252E-01 0.4041E-01 0.3864E-01 0.3764E-01 0.3268E-01 0.2355E-01 -.5212E-02 -.4478E-01 -.4773E-01 -.7094E-01 -.7284E-01 -.5272E-01
  104.53 0.5813E-01 0.5898E-01 0.5898E-01 0.5910E-01 0.5885E-01 0.5884E-01 0.5834E-01 0.5735E-01 0.5636E-01 0.5468E-01 0.5318E-01 0.5242E-01 0.4796E-01 0.3955E-01 0.1327E-01 -.2635E-01 -.2920E-01 -.5237E-01 -.5441E-01 -.3738E-01
  102.30 0.7079E-01 0.7205E-01 0.7228E-01 0.7268E-01 0.7276E-01 0.7283E-01 0.7261E-01 0.7200E-01 0.7139E-01 0.7008E-01 0.6894E-01 0.6833E-01 0.6449E-01 0.5684E-01 0.3302E-01 -.6640E-02 -.9332E-02 -.3253E-01 -.3479E-01 -.2114E-01
  100.06 0.8453E-01 0.8633E-01 0.8664E-01 0.8735E-01 0.8785E-01 0.8803E-01 0.8803E-01 0.8789E-01 0.8765E-01 0.8665E-01 0.8597E-01 0.8557E-01 0.8234E-01 0.7549E-01 0.5428E-01 0.1444E-01 0.1192E-01 -.1140E-01 -.1389E-01 -.3953E-02
   97.83 0.9958E-01 0.1021E+00 0.1024E+00 0.1035E+00 0.1042E+00 0.1047E+00 0.1050E+00 0.1052E+00 0.1053E+00 0.1047E+00 0.1044E+00 0.1042E+00 0.1016E+00 0.9556E-01 0.7711E-01 0.3707E-01 0.3470E-01 0.1117E-01 0.8355E-02 0.1423E-01
   95.59 0.1160E+00 0.1192E+00 0.1197E+00 0.1212E+00 0.1221E+00 0.1227E+00 0.1233E+00 0.1239E+00 0.1245E+00 0.1245E+00 0.1245E+00 0.1244E+00 0.1226E+00 0.1174E+00 0.1017E+00 0.6142E-01 0.5913E-01 0.3542E-01 0.3208E-01 0.3357E-01
   93.35 0.1341E+00 0.1379E+00 0.1386E+00 0.1404E+00 0.1417E+00 0.1425E+00 0.1435E+00 0.1443E+00 0.1454E+00 0.1458E+00 0.1461E+00 0.1464E+00 0.1452E+00 0.1408E+00 0.1283E+00 0.8766E-01 0.8530E-01 0.6136E-01 0.5742E-01 0.5413E-01
   91.12 0.1540E+00 0.1584E+00 0.1592E+00 0.1614E+00 0.1629E+00 0.1642E+00 0.1654E+00 0.1666E+00 0.1681E+00 0.1691E+00 0.1699E+00 0.1704E+00 0.1698E+00 0.1665E+00 0.1570E+00 0.1158E+00 0.1135E+00 0.8910E-01 0.8446E-01 0.7591E-01
   90.00 0.1645E+00 0.1693E+00 0.1703E+00 0.1726E+00 0.1744E+00 0.1756E+00 0.1770E+00 0.1786E+00 0.1803E+00 0.1815E+00 0.1825E+00 0.1832E+00 0.1830E+00 0.1801E+00 0.1720E+00 0.1306E+00 0.1284E+00 0.1037E+00 0.9863E-01 0.8733E-01
   88.88 0.1757E+00 0.1807E+00 0.1818E+00 0.1844E+00 0.1864E+00 0.1877E+00 0.1892E+00 0.1911E+00 0.1930E+00 0.1944E+00 0.1956E+00 0.1966E+00 0.1966E+00 0.1943E+00 0.1878E+00 0.1461E+00 0.1439E+00 0.1188E+00 0.1133E+00 0.9912E-01
   86.65 0.1996E+00 0.2055E+00 0.2067E+00 0.2096E+00 0.2121E+00 0.2135E+00 0.2155E+00 0.2177E+00 0.2203E+00 0.2223E+00 0.2240E+00 0.2250E+00 0.2260E+00 0.2246E+00 0.2213E+00 0.1789E+00 0.1766E+00 0.1508E+00 0.1442E+00 0.1239E+00
   84.41 0.2259E+00 0.2325E+00 0.2340E+00 0.2374E+00 0.2403E+00 0.2419E+00 0.2442E+00 0.2471E+00 0.2501E+00 0.2526E+00 0.2548E+00 0.2562E+00 0.2580E+00 0.2576E+00 0.2576E+00 0.2144E+00 0.2117E+00 0.1851E+00 0.1773E+00 0.1503E+00
   82.17 0.2549E+00 0.2624E+00 0.2640E+00 0.2679E+00 0.2712E+00 0.2732E+00 0.2758E+00 0.2792E+00 0.2828E+00 0.2859E+00 0.2886E+00 0.2904E+00 0.2929E+00 0.2936E+00 0.2970E+00 0.2527E+00 0.2499E+00 0.2219E+00 0.2127E+00 0.1784E+00
   79.94 0.2869E+00 0.2952E+00 0.2971E+00 0.3016E+00 0.3053E+00 0.3074E+00 0.3106E+00 0.3145E+00 0.3186E+00 0.3224E+00 0.3257E+00 0.3277E+00 0.3312E+00 0.3330E+00 0.3396E+00 0.2940E+00 0.2912E+00 0.2615E+00 0.2507E+00 0.2085E+00
   77.70 0.3223E+00 0.3316E+00 0.3337E+00 0.3386E+00 0.3428E+00 0.3453E+00 0.3489E+00 0.3533E+00 0.3581E+00 0.3626E+00 0.3663E+00 0.3688E+00 0.3731E+00 0.3760E+00 0.3860E+00 0.3389E+00 0.3357E+00 0.3043E+00 0.2914E+00 0.2409E+00
   75.47 0.3614E+00 0.3717E+00 0.3740E+00 0.3796E+00 0.3841E+00 0.3870E+00 0.3911E+00 0.3961E+00 0.4016E+00 0.4068E+00 0.4111E+00 0.4138E+00 0.4191E+00 0.4231E+00 0.4364E+00 0.3876E+00 0.3838E+00 0.3503E+00 0.3352E+00 0.2756E+00
   73.23 0.4048E+00 0.4160E+00 0.4186E+00 0.4247E+00 0.4299E+00 0.4331E+00 0.4377E+00 0.4434E+00 0.4494E+00 0.4554E+00 0.4603E+00 0.4634E+00 0.4696E+00 0.4749E+00 0.4911E+00 0.4404E+00 0.4363E+00 0.3999E+00 0.3822E+00 0.3128E+00
   70.99 0.4528E+00 0.4651E+00 0.4679E+00 0.4747E+00 0.4804E+00 0.4840E+00 0.4891E+00 0.4955E+00 0.5023E+00 0.5089E+00 0.5145E+00 0.5179E+00 0.5251E+00 0.5316E+00 0.5507E+00 0.4978E+00 0.4932E+00 0.4536E+00 0.4327E+00 0.3530E+00
   68.76 0.5060E+00 0.5196E+00 0.5226E+00 0.5301E+00 0.5365E+00 0.5403E+00 0.5461E+00 0.5531E+00 0.5608E+00 0.5681E+00 0.5743E+00 0.5781E+00 0.5863E+00 0.5938E+00 0.6157E+00 0.5603E+00 0.5548E+00 0.5115E+00 0.4872E+00 0.3965E+00
   66.52 0.5650E+00 0.5800E+00 0.5834E+00 0.5917E+00 0.5986E+00 0.6028E+00 0.6091E+00 0.6168E+00 0.6253E+00 0.6334E+00 0.6403E+00 0.6444E+00 0.6536E+00 0.6622E+00 0.6866E+00 0.6284E+00 0.6219E+00 0.5741E+00 0.5459E+00 0.4436E+00
   64.29 0.6308E+00 0.6471E+00 0.6509E+00 0.6598E+00 0.6676E+00 0.6720E+00 0.6789E+00 0.6876E+00 0.6968E+00 0.7056E+00 0.7131E+00 0.7175E+00 0.7278E+00 0.7375E+00 0.7639E+00 0.7022E+00 0.6951E+00 0.6420E+00 0.6091E+00 0.4948E+00
   62.05 0.7041E+00 0.7218E+00 0.7260E+00 0.7357E+00 0.7441E+00 0.7490E+00 0.7565E+00 0.7659E+00 0.7759E+00 0.7856E+00 0.7937E+00 0.7985E+00 0.8096E+00 0.8203E+00 0.8481E+00 0.7830E+00 0.7747E+00 0.7155E+00 0.6776E+00 0.5507E+00
   59.81 0.7860E+00 0.8050E+00 0.8095E+00 0.8201E+00 0.8291E+00 0.8347E+00 0.8428E+00 0.8530E+00 0.8636E+00 0.8740E+00 0.8827E+00 0.8880E+00 0.8999E+00 0.9115E+00 0.9401E+00 0.8713E+00 0.8613E+00 0.7954E+00 0.7515E+00 0.6121E+00
   57.58 0.8772E+00 0.8980E+00 0.9026E+00 0.9142E+00 0.9239E+00 0.9299E+00 0.9386E+00 0.9496E+00 0.9610E+00 0.9722E+00 0.9814E+00 0.9870E+00 0.9992E+00 0.1012E+01 0.1041E+01 0.9677E+00 0.9563E+00 0.8824E+00 0.8316E+00 0.6793E+00
   55.34 0.9791E+00 0.1002E+01 0.1007E+01 0.1019E+01 0.1030E+01 0.1036E+01 0.1045E+01 0.1057E+01 0.1069E+01 0.1081E+01 0.1091E+01 0.1097E+01 0.1109E+01 0.1122E+01 0.1150E+01 0.1073E+01 0.1059E+01 0.9772E+00 0.9190E+00 0.7538E+00
   53.11 0.1093E+01 0.1117E+01 0.1122E+01 0.1136E+01 0.1147E+01 0.1154E+01 0.1164E+01 0.1176E+01 0.1190E+01 0.1202E+01 0.1212E+01 0.1218E+01 0.1231E+01 0.1245E+01 0.1270E+01 0.1187E+01 0.1172E+01 0.1080E+01 0.1014E+01 0.8366E+00
   50.87 0.1221E+01 0.1248E+01 0.1252E+01 0.1267E+01 0.1279E+01 0.1286E+01 0.1296E+01 0.1310E+01 0.1323E+01 0.1336E+01 0.1346E+01 0.1352E+01 0.1366E+01 0.1379E+01 0.1401E+01 0.1313E+01 0.1296E+01 0.1193E+01 0.1117E+01 0.9285E+00
   48.63 0.1364E+01 0.1392E+01 0.1399E+01 0.1414E+01 0.1425E+01 0.1433E+01 0.1445E+01 0.1458E+01 0.1471E+01 0.1485E+01 0.1495E+01 0.1501E+01 0.1515E+01 0.1527E+01 0.1544E+01 0.1451E+01 0.1431E+01 0.1316E+01 0.1231E+01 0.1033E+01
   46.40 0.1524E+01 0.1554E+01 0.1561E+01 0.1577E+01 0.1590E+01 0.1598E+01 0.1609E+01 0.1623E+01 0.1637E+01 0.1650E+01 0.1660E+01 0.1666E+01 0.1680E+01 0.1691E+01 0.1699E+01 0.1601E+01 0.1578E+01 0.1451E+01 0.1354E+01 0.1150E+01
   44.16 0.1705E+01 0.1737E+01 0.1743E+01 0.1760E+01 0.1773E+01 0.1781E+01 0.1793E+01 0.1807E+01 0.1820E+01 0.1833E+01 0.1844E+01 0.1849E+01 0.1861E+01 0.1871E+01 0.1868E+01 0.1765E+01 0.1740E+01 0.1599E+01 0.1491E+01 0.1284E+01
   41.93 0.1907E+01 0.1940E+01 0.1947E+01 0.1965E+01 0.1978E+01 0.1986E+01 0.1998E+01 0.2012E+01 0.2025E+01 0.2037E+01 0.2046E+01 0.2051E+01 0.2062E+01 0.2070E+01 0.2053E+01 0.1946E+01 0.1917E+01 0.1762E+01 0.1643E+01 0.1438E+01
   39.69 0.2135E+01 0.2169E+01 0.2176E+01 0.2194E+01 0.2207E+01 0.2215E+01 0.2226E+01 0.2239E+01 0.2252E+01 0.2263E+01 0.2271E+01 0.2275E+01 0.2283E+01 0.2288E+01 0.2254E+01 0.2144E+01 0.2110E+01 0.1943E+01 0.1811E+01 0.1615E+01
   37.45 0.2392E+01 0.2427E+01 0.2433E+01 0.2451E+01 0.2462E+01 0.2471E+01 0.2481E+01 0.2494E+01 0.2504E+01 0.2513E+01 0.2519E+01 0.2522E+01 0.2527E+01 0.2527E+01 0.2472E+01 0.2359E+01 0.2323E+01 0.2143E+01 0.2000E+01 0.1823E+01
   35.22 0.2680E+01 0.2714E+01 0.2721E+01 0.2737E+01 0.2748E+01 0.2756E+01 0.2765E+01 0.2775E+01 0.2784E+01 0.2790E+01 0.2793E+01 0.2795E+01 0.2795E+01 0.2789E+01 0.2709E+01 0.2594E+01 0.2556E+01 0.2366E+01 0.2212E+01 0.2067E+01
   32.98 0.3004E+01 0.3037E+01 0.3043E+01 0.3057E+01 0.3067E+01 0.3074E+01 0.3081E+01 0.3088E+01 0.3093E+01 0.3095E+01 0.3095E+01 0.3095E+01 0.3089E+01 0.3076E+01 0.2964E+01 0.2852E+01 0.2811E+01 0.2615E+01 0.2453E+01 0.2357E+01
   30.75 0.3370E+01 0.3399E+01 0.3403E+01 0.3416E+01 0.3422E+01 0.3427E+01 0.3432E+01 0.3436E+01 0.3435E+01 0.3432E+01 0.3427E+01 0.3423E+01 0.3411E+01 0.3389E+01 0.3240E+01 0.3134E+01 0.3091E+01 0.2895E+01 0.2730E+01 0.2705E+01
   28.51 0.3780E+01 0.3804E+01 0.3807E+01 0.3815E+01 0.3818E+01 0.3819E+01 0.3820E+01 0.3819E+01 0.3812E+01 0.3803E+01 0.3791E+01 0.3784E+01 0.3763E+01 0.3729E+01 0.3537E+01 0.3440E+01 0.3397E+01 0.3212E+01 0.3053E+01 0.3124E+01
   26.28 0.4243E+01 0.4257E+01 0.4259E+01 0.4259E+01 0.4257E+01 0.4255E+01 0.4250E+01 0.4241E+01 0.4226E+01 0.4208E+01 0.4189E+01 0.4178E+01 0.4144E+01 0.4096E+01 0.3855E+01 0.3775E+01 0.3735E+01 0.3572E+01 0.3431E+01 0.3638E+01
   24.04 0.4765E+01 0.4764E+01 0.4762E+01 0.4755E+01 0.4744E+01 0.4737E+01 0.4725E+01 0.4706E+01 0.4681E+01 0.4651E+01 0.4623E+01 0.4604E+01 0.4558E+01 0.4493E+01 0.4196E+01 0.4143E+01 0.4108E+01 0.3986E+01 0.3884E+01 0.4268E+01
   21.80 0.5353E+01 0.5331E+01 0.5323E+01 0.5304E+01 0.5282E+01 0.5268E+01 0.5246E+01 0.5216E+01 0.5175E+01 0.5132E+01 0.5092E+01 0.5066E+01 0.5002E+01 0.4918E+01 0.4561E+01 0.4547E+01 0.4522E+01 0.4470E+01 0.4432E+01 0.5048E+01
   19.57 0.6014E+01 0.5963E+01 0.5948E+01 0.5912E+01 0.5875E+01 0.5853E+01 0.5818E+01 0.5771E+01 0.5713E+01 0.5652E+01 0.5598E+01 0.5564E+01 0.5479E+01 0.5372E+01 0.4951E+01 0.4997E+01 0.4985E+01 0.5040E+01 0.5110E+01 0.6029E+01
   17.33 0.6762E+01 0.6668E+01 0.6643E+01 0.6584E+01 0.6527E+01 0.6494E+01 0.6442E+01 0.6375E+01 0.6294E+01 0.6212E+01 0.6141E+01 0.6096E+01 0.5987E+01 0.5855E+01 0.5372E+01 0.5506E+01 0.5518E+01 0.5728E+01 0.5964E+01 0.7266E+01
   15.10 0.7604E+01 0.7452E+01 0.7414E+01 0.7323E+01 0.7242E+01 0.7193E+01 0.7119E+01 0.7027E+01 0.6919E+01 0.6812E+01 0.6719E+01 0.6663E+01 0.6528E+01 0.6368E+01 0.5834E+01 0.6098E+01 0.6149E+01 0.6585E+01 0.7066E+01 0.8850E+01
   12.86 0.8554E+01 0.8321E+01 0.8266E+01 0.8134E+01 0.8020E+01 0.7952E+01 0.7852E+01 0.7727E+01 0.7587E+01 0.7451E+01 0.7336E+01 0.7266E+01 0.7102E+01 0.6917E+01 0.6359E+01 0.6827E+01 0.6938E+01 0.7695E+01 0.8532E+01 0.1091E+02
   10.63 0.9629E+01 0.9282E+01 0.9204E+01 0.9020E+01 0.8866E+01 0.8772E+01 0.8640E+01 0.8480E+01 0.8304E+01 0.8134E+01 0.7996E+01 0.7912E+01 0.7724E+01 0.7521E+01 0.7001E+01 0.7802E+01 0.8000E+01 0.9225E+01 0.1056E+02 0.1366E+02
    8.39 0.1083E+02 0.1034E+02 0.1024E+02 0.9990E+01 0.9793E+01 0.9666E+01 0.9499E+01 0.9301E+01 0.9088E+01 0.8888E+01 0.8730E+01 0.8634E+01 0.8434E+01 0.8241E+01 0.7892E+01 0.9256E+01 0.9603E+01 0.1151E+02 0.1352E+02 0.1741E+02
    6.16 0.1220E+02 0.1154E+02 0.1141E+02 0.1108E+02 0.1085E+02 0.1069E+02 0.1049E+02 0.1027E+02 0.1004E+02 0.9817E+01 0.9661E+01 0.9562E+01 0.9389E+01 0.9274E+01 0.9386E+01 0.1180E+02 0.1238E+02 0.1533E+02 0.1825E+02 0.2287E+02
    3.93 0.1395E+02 0.1313E+02 0.1299E+02 0.1262E+02 0.1238E+02 0.1220E+02 0.1201E+02 0.1181E+02 0.1161E+02 0.1144E+02 0.1134E+02 0.1128E+02 0.1125E+02 0.1140E+02 0.1264E+02 0.1719E+02 0.1814E+02 0.2272E+02 0.2670E+02 0.3093E+02
    1.71 0.1861E+02 0.1795E+02 0.1786E+02 0.1762E+02 0.1751E+02 0.1741E+02 0.1737E+02 0.1738E+02 0.1741E+02 0.1751E+02 0.1762E+02 0.1767E+02 0.1810E+02 0.1899E+02 0.2265E+02 0.3164E+02 0.3284E+02 0.3889E+02 0.4243E+02 0.3922E+02
    0.00 0.5932E+02 0.5275E+02 0.5151E+02 0.4866E+02 0.4663E+02 0.4540E+02 0.4387E+02 0.4224E+02 0.4059E+02 0.3920E+02 0.3818E+02 0.3756E+02 0.3654E+02 0.3582E+02 0.3473E+02 0.4389E+02 0.4396E+02 0.4839E+02 0.5009E+02 0.4183E+02
